84.0188
39.4383
78.3099
79.844
91.1647
19.7551
33.5223
76.823
27.7775
55.397
47.7397
62.8871
36.4784
51.3401
95.223
91.6195
63.5712
71.7297
14.1603
60.6969
1.63006
24.2887
13.7232
80.4177
15.6679
40.0944
12.979
10.8809
99.8925
21.8257
51.2932
83.9112
61.264
29.6032
63.7552
52.4287
49.3583
97.2775
29.2517
77.1358
52.6745
76.9914
40.0229
89.1529
28.3315
35.2458
80.7725
91.9026
6.97553
94.9327
52.5995
8.60558
19.2214
66.3227
89.0233
34.8893
6.41713
2.0023
45.7702
6.30958
23.828
97.0634
90.2208
85.092
26.6666
53.976
37.5207
76.0249
51.2535
66.7724
53.1606
3.92803
43.7638
93.1835
93.081
72.0952
28.4293
73.8534
63.9979
35.4049
68.7861
16.5974
44.0105
88.0075
82.9201
33.0337
22.8968
89.3372
35.036
68.667
95.6468
58.864
65.7304
85.8676
43.956
92.397
39.8437
81.4767
68.4219
91.0972
48.2491
21.5825
95.0252
92.0128
14.766
88.1062
64.1081
43.1953
61.9596
28.1059
78.6002
30.7458
44.7034
22.6107
18.7533
27.6235
55.6444
41.6501
16.9607
90.6804
10.3171
12.6075
49.5444
76.0475
98.4752
93.5004
68.4445
38.3188
74.9771
36.8664
29.416
23.2262
58.4489
24.4413
15.239
73.2149
12.5475
79.347
16.4102
74.5071
7.45298
95.0104
5.25293
52.1563
17.6211
24.0062
79.7798
73.2654
65.6564
96.7405
63.9458
75.9735
9.34805
13.4902
52.021
7.82321
6.99064
20.4655
46.142
81.9677
57.3319
75.5581
5.19388
15.7807
99.9994
20.4329
88.9956
12.5468
99.7799
5.40576
87.054
7.23288
0.416161
92.3069
59.3892
18.0372
16.3131
39.169
91.3027
81.9695
35.9095
55.2485
57.943
45.2576
68.7387
9.96401
53.0808
75.7294
30.4295
99.2228
57.6971
87.7614
74.7809
62.891
3.54209
74.7803
83.3239
92.5377
87.3271
83.1038
97.9434
74.3811
90.3366
98.3596
66.688
49.7259
16.3968
83.0012
88.8949
7.69947
64.9707
24.8044
62.948
22.9137
70.062
31.6867
32.8777
23.1428
7.4161
63.3072
22.3656
65.1132
51.0686
97.1466
28.0042
54.6107
71.9269
11.3281
47.1483
59.254
94.4318
45.0918
33.6351
84.7684
43.4513
0.323146
34.4943
59.8481
83.3243
23.3892
67.5476
48.295
48.1936
30.4956
71.2087
18.2556
62.1823
4.08643
41.3984
69.5984
67.3936
63.764
34.7116
18.4622
60.9106
62.7158
73.0729
32.8374
74.0438
20.2213
92.0914
68.4757
65.313
25.7265
53.2441
8.76436
26.0497
87.7384
68.6125
9.37402
11.1276
36.1601
57.6691
59.3211
66.6557
28.8778
77.5767
28.8379
32.9642
18.9751
98.4363
0.357857
82.7391
33.1479
18.8201
43.6497
95.8637
91.893
76.4871
69.9075
12.1143
68.5786
38.3832
77.4273
94.3051
91.6273
86.1917
20.3548
79.3657
54.8042
29.7288
90.4932
90.9643
87.3979
49.8144
57.62
16.2757
27.3911
86.4579
49.2399
46.3662
84.8942
49.5977
29.1053
18.0421
68.4178
72.755
13.9058
60.3109
49.2422
83.8134
72.4252
17.8208
22.1966
49.8525
12.1259
13.8238
36.0443
32.4807
93.1895
90.8485
62.2095
83.6828
81.8128
49.6074
33.4972
39.4327
65.8831
60.8883
25.8906
15.123
7.2545
10.7848
64.7207
36.3598
28.827
33.1386
9.11486
42.7328
93.4495
58.357
26.5461
65.8747
76.1778
48.7427
15.7272
88.3037
62.5665
51.7715
20.7844
55.7561
42.6199
82.9939
39.4388
24.4327
32.6013
72.936
63.8654
98.4845
33.8243
89.756
13.6075
41.0788
0.540855
78.3282
77.4386
29.3678
11.4668
86.5535
72.1006
4.91625
44.9105
98.6467
70.7909
21.0883
47.3894
86.5181
9.39195
9.95593
38.2896
30.1763
65.712
80.9095
13.1702
5.15083
5.34223
45.7716
78.0868
69.2076
44.256
11.9111
58.9637
57.8635
52.9899
59.5045
36.1917
30.4285
88.8723
47.6585
16.982
60.9729
52.5747
61.8925
59.6196
23.3656
82.9808
7.00902
9.88374
92.3728
16.965
48.1733
22.5491
82.6769
29.0829
35.7193
87.8278
34.4251
81.4909
65.9146
3.63274
25.7469
77.8257
62.5964
83.6104
30.8157
22.1009
19.8021
61.2442
10.9733
67.4605
78.2262
71.9462
20.0352
40.1188
31.5658
43.4009
23.0996
38.5748
53.2846
15.4724
55.5398
1.45793
38.0215
38.2167
30.5408
73.7408
26.0445
64.9659
55.2316
91.9591
68.5986
80.9785
69.7848
31.195
64.5889
0.600477
53.296
84.391
61.8447
64.2693
51.8515
40.0709
36.2154
71.8867
80.1897
67.7812
15.2876
3.28927
6.35606
68.5722
18.7616
61.8958
70.0301
56.7831
0.112548
0.570914
30.5239
26.157
65.5368
85.7555
18.1161
34.1354
66.7341
87.9009
65.3305
31.323
88.5014
18.6265
15.7139
50.3461
82.8957
67.5654
90.417
19.1112
39.4521
70.6067
86.8924
54.7397
73.8959
93.2485
23.3119
92.6576
55.1443
93.342
49.4407
55.2568
93.9129
79.9646
81.4139
59.4497
65.7201
99.53
93.5852
32.4541
87.4309
58.9157
63.7771
75.9324
77.5421
79.491
26.2785
60.4379
47.0564
16.6955
79.549
86.5086
87.3021
66.4414
41.2483
61.1981
59.6899
64.5601
53.8557
14.8342
57.9022
3.29634
70.091
51.8151
83.2609
51.5049
11.2648
48.981
51.0349
4.84997
81.4351
38.4658
63.7656
45.2122
14.3982
41.3078
24.7033
40.6767
1.74566
71.7597
57.3721
81.2947
58.2682
44.6743
47.7361
99.5165
5.87232
7.42604
64.0766
59.728
22.2602
21.9788
63.0243
92.3513
73.7939
46.2852
43.8562
85.0586
95.2662
94.8911
89.9086
76.7014
33.3569
53.6742
21.9136
47.7551
94.982
46.6169
88.4318
96.7277
18.3765
45.8039
78.0224
76.6448
90.4782
25.7585
76.1612
96.3505
33.1846
40.2379
56.0785
55.4448
62.2167
19.1028
47.7961
36.0105
65.388
91.6523
21.0692
60.6542
86.5434
10.9778
37.3556
19.9003
64.652
59.2692
67.6554
59.6341
5.88605
56.0872
56.3617
24.2626
1.89108
34.3841
0.907344
92.3692
60.1427
77.0686
88.7197
93.3273
17.3065
44.7982
48.7721
79.5231
63.9009
96.5682
15.5336
29.2889
88.2204
36.6028
89.9431
74.7638
47.5806
27.2987
94.664
12.2326
86.5679
62.3194
71.8666
92.454
18.4066
28.2284
16.7165
20.2977
62.6125
17.6239
12.6669
22.7552
94.6925
1.38663
16.0824
11.9989
46.1848
64.8545
91.5221
10.0857
61.4227
7.0557
39.3746
49.6431
43.6585
29.3177
24.4069
91.2391
56.6164
19.0709
3.47164
43.1844
81.3904
75.3383
35.6383
99.797
3.56664
52.3548
20.0947
66.1792
69.9787
32.7616
88.9343
64.6712
34.1482
5.01679
76.6701
80.333
69.8713
68.1922
90.4187
31.294
75.2479
29.7933
80.9371
18.9064
59.1111
5.34394
10.1454
15.7275
24.4149
13.6171
58.9119
5.80523
88.9553
94.5502
5.60222
92.522
46.905
25.6969
58.7011
16.8837
58.4585
47.6355
81.5549
92.6068
52.6523
58.225
72.9398
22.5236
26.4172
63.3585
53.8175
1.66506
93.1518
34.7546
20.5714
52.2629
40.0985
30.7168
67.9904
64.5134
44.3339
26.9022
70.3186
33.2892
21.4524
75.9208
25.8112
68.3574
1.61775
84.5123
85.2411
60.0763
32.1478
66.796
52.683
84.8
25.021
25.6228
7.32357
51.4382
88.9813
61.1411
53.1033
82.1331
95.8957
73.6747
34.3959
35.9942
4.39153
2.38632
0.50762
48.7254
29.2886
70.8262
82.0146
50.741
46.7471
7.82579
19.0984
48.3648
92.3381
4.33947
8.4411
24.4858
71.1355
61.1241
9.28584
96.1565
86.7469
16.6094
47.5947
75.7282
77.7505
0.698012
57.8613
73.6462
74.3727
92.2572
9.64041
78.7642
94.6435
10.148
27.4897
23.9321
80.9743
9.50427
74.673
27.7214
17.3301
93.7714
76.0862
9.66814
98.1109
84.5273
34.154
69.2463
45.6514
43.4398
65.4029
32.3983
60.0492
12.9976
8.1265
37.7997
13.6956
65.9878
11.4459
88.0683
58.245
21.0863
66.8326
52.8885
31.2343
94.3222
76.8206
12.2086
3.82648
51.4936
39.93
21.1565
45.265
16.0162
30.8247
43.3758
0.543489
64.9787
12.6222
46.1949
8.41846
78.0251
78.5932
68.4677
91.0227
86.7197
6.26739
4.71826
52.7075
17.7133
92.7866
10.9525
38.7996
59.6191
63.8409
70.034
53.9413
40.6615
82.2426
57.7678
92.1551
22.1726
78.9244
37.4201
38.1888
9.74906
80.7959
38.7323
74.7277
93.4181
84.9272
83.1462
71.4432
63.5204
51.6139
62.4658
50.2401
57.8813
67.1841
2.94762
75.5945
59.9707
13.9001
14.3942
19.5898
77.741
84.4281
73.5311
18.4025
66.6707
31.299
10.5576
88.8433
10.2233
47.9777
27.0321
19.9724
28.7736
65.7643
94.7001
22.1918
50.6915
77.8463
93.6349
14.2119
29.4601
56.1007
64.452
87.3414
23.2848
67.3996
62.9359
83.2555
81.2997
77.3301
2.84525
59.0407
61.7582
76.3764
77.4432
28.4289
7.67534
88.0009
17.2722
17.8987
35.9786
44.3043
37.871
64.7522
10.0686
32.5711
86.944
60.76
10.4174
80.5789
74.9719
39.8775
36.6796
39.4239
27.2189
59.9644
6.82348
90.1549
43.2199
88.1232
67.485
46.0652
47.1639
29.2432
22.4415
24.6071
57.6721
30.1169
12.608
74.9443
48.0156
48.5866
19.2486
85.8866
13.3388
29.3171
18.4577
0.282779
90.0772
28.8752
80.8617
65.0491
68.7527
17.5413
4.47295
95.9716
77.5058
11.2964
86.1265
20.7257
99.4196
53.6115
66.7908
46.5835
82.8546
89.2324
71.1906
40.5267
19.3493
83.7986
15.4711
67.3648
32.3852
34.7196
53.2514
