840.188
394.383
783.099
798.44
911.647
197.551
335.223
768.23
277.775
553.97
477.397
628.871
364.784
513.401
952.23
916.195
635.712
717.297
141.603
606.969
16.3006
242.887
137.232
804.177
156.679
400.944
129.79
108.809
998.925
218.257
512.932
839.112
612.64
296.032
637.552
524.287
493.583
972.775
292.517
771.358
526.745
769.914
400.229
891.529
283.315
352.458
807.725
919.026
69.7553
949.327
525.995
86.0558
192.214
663.227
890.233
348.893
64.1713
20.023
457.702
63.0958
238.28
970.634
902.208
850.92
266.666
539.76
375.207
760.249
512.535
667.724
531.606
39.2803
437.638
931.835
930.81
720.952
284.293
738.534
639.979
354.049
687.861
165.974
440.105
880.075
829.201
330.337
228.968
893.372
350.36
686.67
956.468
588.64
657.304
858.676
439.56
923.97
398.437
814.767
684.219
910.972
482.491
215.825
950.252
920.128
147.66
881.062
641.081
431.953
619.596
281.059
786.002
307.458
447.034
226.107
187.533
276.235
556.444
416.501
169.607
906.804
103.171
126.075
495.444
760.475
984.752
935.004
684.445
383.188
749.771
368.664
294.16
232.262
584.489
244.413
152.39
732.149
125.475
793.47
164.102
745.071
74.5298
950.104
52.5293
521.563
176.211
240.062
797.798
732.654
656.564
967.405
639.458
759.735
93.4805
134.902
520.21
78.2321
69.9064
204.655
461.42
819.677
573.319
755.581
51.9388
157.807
999.994
204.329
889.956
125.468
997.799
54.0576
870.54
72.3288
4.16161
923.069
593.892
180.372
163.131
391.69
913.027
819.695
359.095
552.485
579.43
452.576
687.387
99.6401
530.808
757.294
304.295
992.228
576.971
877.614
747.809
628.91
35.4209
747.803
833.239
925.377
873.271
831.038
979.434
743.811
903.366
983.596
666.88
497.259
163.968
830.012
888.949
76.9947
649.707
248.044
629.48
229.137
700.62
316.867
328.777
231.428
74.161
633.072
223.656
651.132
510.686
971.466
280.042
546.107
719.269
113.281
471.483
592.54
944.318
450.918
336.351
847.684
434.513
3.23146
344.943
598.481
833.243
233.892
675.476
482.95
481.936
304.956
712.087
182.556
621.823
40.8643
413.984
695.984
673.936
637.64
347.116
184.622
609.106
627.158
730.729
328.374
740.438
202.213
920.914
684.757
653.13
257.265
532.441
87.6436
260.497
877.384
686.125
93.7402
111.276
361.601
576.691
593.211
666.557
288.778
775.767
288.379
329.642
189.751
984.363
3.57857
827.391
331.479
188.201
436.497
958.637
918.93
764.871
699.075
121.143
685.786
383.832
774.273
943.051
916.273
861.917
203.548
793.657
548.042
297.288
904.932
909.643
873.979
498.144
576.2
162.757
273.911
864.579
492.399
463.662
848.942
495.977
291.053
180.421
684.178
727.55
139.058
603.109
492.422
838.134
724.252
178.208
221.966
498.525
121.259
138.238
360.443
324.807
931.895
908.485
622.095
836.828
818.128
496.074
334.972
394.327
658.831
608.883
258.906
151.23
72.545
107.848
647.207
363.598
288.27
331.386
91.1486
427.328
934.495
583.57
265.461
658.747
761.778
487.427
157.272
883.037
625.665
517.715
207.844
557.561
426.199
829.939
394.388
244.327
326.013
729.36
638.654
984.845
338.243
897.56
136.075
410.788
5.40855
783.282
774.386
293.678
114.668
865.535
721.006
49.1625
449.105
986.467
707.909
210.883
473.894
865.181
93.9195
99.5593
382.896
301.763
657.12
809.095
131.702
51.5083
53.4223
457.716
780.868
692.076
442.56
119.111
589.637
578.635
529.899
595.045
361.917
304.285
888.723
476.585
169.82
609.729
525.747
618.925
596.196
233.656
829.808
70.0902
98.8374
923.728
169.65
481.733
225.491
826.769
290.829
357.193
878.278
344.251
814.909
659.146
36.3274
257.469
778.257
625.964
836.104
308.157
221.009
198.021
612.442
109.733
674.605
782.262
719.462
200.352
401.188
315.658
434.009
230.996
385.748
532.846
154.724
555.398
14.5793
380.215
382.167
305.408
737.408
260.445
649.659
552.316
919.591
685.986
809.785
697.848
311.95
645.889
6.00477
532.96
843.91
618.447
642.693
518.515
400.709
362.154
718.867
801.897
677.812
152.876
32.8927
63.5606
685.722
187.616
618.958
700.301
567.831
1.12548
5.70914
305.239
261.57
655.368
857.555
181.161
341.354
667.341
879.009
653.305
313.23
885.014
186.265
157.139
503.461
828.957
675.654
904.17
191.112
394.521
706.067
868.924
547.397
738.959
932.485
233.119
926.576
551.443
933.42
494.407
552.568
939.129
799.646
814.139
594.497
657.201
995.3
935.852
324.541
874.309
589.157
637.771
759.324
775.421
794.91
262.785
604.379
470.564
166.955
795.49
865.086
873.021
664.414
412.483
611.981
596.899
645.601
538.557
148.342
579.022
32.9634
700.91
518.151
832.609
515.049
112.648
489.81
510.349
48.4997
814.351
384.658
637.656
452.122
143.982
413.078
247.033
406.767
17.4566
717.597
573.721
812.947
582.682
446.743
477.361
995.165
58.7232
74.2604
640.766
597.28
222.602
219.788
630.243
923.513
737.939
462.852
438.562
850.586
952.662
948.911
899.086
767.014
333.569
536.742
219.136
477.551
949.82
466.169
884.318
967.277
183.765
458.039
780.224
766.448
904.782
257.585
761.612
963.505
331.846
402.379
560.785
554.448
622.167
191.028
477.961
360.105
653.88
916.523
210.692
606.542
865.434
109.778
373.556
199.003
646.52
592.692
676.554
596.341
58.8605
560.872
563.617
242.626
18.9108
343.841
9.07344
923.692
601.427
770.686
887.197
933.273
173.065
447.982
487.721
795.231
639.009
965.682
155.336
292.889
882.204
366.028
899.431
747.638
475.806
272.987
946.64
122.326
865.679
623.194
718.666
924.54
184.066
282.284
167.165
202.977
626.125
176.239
126.669
227.552
946.925
13.8663
160.824
119.989
461.848
648.545
915.221
100.857
614.227
70.557
393.746
496.431
436.585
293.177
244.069
912.391
566.164
190.709
34.7164
431.844
813.904
753.383
356.383
997.97
35.6664
523.548
200.947
661.792
699.787
327.616
889.343
646.712
341.482
50.1679
766.701
803.33
698.713
681.922
904.187
312.94
752.479
297.933
809.371
189.064
591.111
53.4394
101.454
157.275
244.149
136.171
589.119
58.0523
889.553
945.502
56.0222
925.22
469.05
256.969
587.011
168.837
584.585
476.355
815.549
926.068
526.523
582.25
729.398
225.236
264.172
633.585
538.175
16.6506
931.518
347.546
205.714
522.629
400.985
307.168
679.904
645.134
443.339
269.022
703.186
332.892
214.524
759.208
258.112
683.574
16.1775
845.123
852.411
600.763
321.478
667.96
526.83
848
250.21
256.228
73.2357
514.382
889.813
611.411
531.033
821.331
958.957
736.747
343.959
359.942
43.9153
23.8632
5.0762
487.254
292.886
708.262
820.146
507.41
467.471
78.2579
190.984
483.648
923.381
43.3947
84.411
244.858
711.355
611.241
92.8584
961.565
867.469
166.094
475.947
757.282
777.505
6.98012
578.613
736.462
743.727
922.572
96.4041
787.642
946.435
101.48
274.897
239.321
809.743
95.0427
746.73
277.214
173.301
937.714
760.862
96.6814
981.109
845.273
341.54
692.463
456.514
434.398
654.029
323.983
600.492
129.976
81.265
377.997
136.956
659.878
114.459
880.683
582.45
210.863
668.326
528.885
312.343
943.222
768.206
122.086
38.2648
514.936
399.3
211.565
452.65
160.162
308.247
433.758
5.43489
649.787
126.222
461.949
84.1846
780.251
785.932
684.677
910.227
867.197
62.6739
47.1826
527.075
177.133
927.866
109.525
387.996
596.191
638.409
700.34
539.413
406.615
822.426
577.678
921.551
221.726
789.244
374.201
381.888
97.4906
807.959
387.323
747.277
934.181
849.272
831.462
714.432
635.204
516.139
624.658
502.401
578.813
671.841
29.4762
755.945
599.707
139.001
143.942
195.898
777.41
844.281
735.311
184.025
666.707
312.99
105.576
888.433
102.233
479.777
270.321
199.724
287.736
657.643
947.001
221.918
506.915
778.463
936.349
142.119
294.601
561.007
644.52
873.414
232.848
673.996
629.359
832.555
812.997
773.301
28.4525
590.407
617.582
763.764
774.432
284.289
76.7534
880.009
172.722
178.987
359.786
443.043
378.71
647.522
100.686
325.711
869.44
607.6
104.174
805.789
749.719
398.775
366.796
394.239
272.189
599.644
68.2348
901.549
432.199
881.232
674.85
460.652
471.639
292.432
224.415
246.071
576.721
301.169
126.08
749.443
480.156
485.866
192.486
858.866
133.388
293.171
184.577
2.82779
900.772
288.752
808.617
650.491
687.527
175.413
44.7295
959.716
775.058
112.964
861.265
207.257
994.196
536.115
667.908
465.835
828.546
892.324
711.906
405.267
193.493
837.986
154.711
673.648
323.852
347.196
532.514
457.24
640.368
717.092
460.067
541.14
5.84319
268.684
191.63
693.37
444.097
236.36
653.087
219.155
349.324
514.352
426.412
343.52
50.4663
94.3199
809.355
879.013
986.644
521.261
284.28
180.136
359.247
438.99
853.785
683.098
786.187
386.299
140.338
426.555
103.39
600.405
967.694
109.233
869.09
159.324
802.604
313.187
395.684
455.69
532.342
745.008
970.042
958.753
88.5283
20.5084
53.0733
897.883
899.521
39.717
419.144
183.801
219.853
778.391
622.791
73.6379
461.489
408.978
459.937
601.827
835.533
563.327
202.232
803.227
672.56
71.322
962.551
475.164
384.509
358.235
930.854
916.851
103.244
900.896
875.604
191.772
921.405
928.678
89.655
820.926
968.395
508.799
4.72651
188.248
287.189
627.518
261.886
748.678
36.4959
721.822
350.505
872.028
285.149
552.738
675.255
957.709
624.06
637.806
432.873
8.56861
996.042
363.727
925.42
99.2851
264.624
801.024
291.057
186.029
729.702
380.712
6.95418
698.096
889.511
11.6807
886.344
176.7
639.199
148.23
925.379
675.694
870.053
275.884
547.723
155.202
828.622
222.978
112.911
452.681
860.784
545.784
461.25
856.826
909.512
386.669
956.111
174.136
187.693
247.168
360.164
917.395
627.88
367.118
615.491
517.391
378.799
501.835
694.091
17.9977
650.066
619.47
693.692
520.118
895.354
241.415
675.32
723.975
464.393
788.231
176.656
325.177
334.016
637.906
182.003
243.528
24.5755
138.114
417.663
212.269
385.282
777.828
129.663
13.1615
144.946
745.154
530.552
523.745
246.99
224.643
541.743
897.055
844.113
235.435
417.174
739.467
476.85
92.4937
463.442
941.243
880.725
640.098
266.42
214.741
278.005
448.423
458.269
302.58
586.537
875.932
514.849
971.818
653.76
644.512
984.98
798.706
389.667
515.532
322.451
636.656
740.175
864.194
533.712
584.288
99.6293
950.885
323.755
576.479
43.379
787.197
517.722
924.104
427.295
784.142
138.845
705.3
232.565
597.114
7.88008
819.102
473.045
522.729
790.92
126.805
167.241
775.899
925.511
556.908
291.431
247.962
193.564
31.6064
112.157
727.276
615.894
211.786
678.161
939.649
788.265
721.54
726.846
305.987
645.644
154.141
90.1297
784.489
859.441
322.695
381.603
867.321
141.796
854.648
390.05
932.716
981.453
557.291
708.616
906.964
114.199
0.0468777
154.927
307.763
31.6532
267.083
35.0389
647.548
478.869
713.2
587.197
267.134
434.74
314.043
573.122
80.384
468.185
663.252
864.873
327.626
985.946
246.476
194.948
127.743
101.124
584.998
60.4589
82.577
142.289
769.074
989.541
256.489
769.121
144.468
564.252
800.775
411.551
599.291
448.322
890.42
312.491
35.5193
157.555
747.231
349.562
730.677
827.615
817.747
393.928
692.488
145.373
379.874
938.963
340.321
507.617
40.0871
925.318
568.076
122.664
67.6078
337.15
112.205
324.096
106.272
256.673
888.348
907.046
668.224
487.639
355.369
558.645
800.129
390.888
716.199
547.36
740.45
446.876
374.975
558.198
840.804
67.4623
703.571
220.679
6.4256
43.8913
728.296
46.5127
969.21
296.372
169.177
36.8176
633.522
281.382
360.914
739.794
538.055
249.262
646.84
206.28
736.901
2.20922
764.925
537.03
393.097
481.124
84.3902
133.548
928
459.365
691.745
768.804
526.827
395.316
989.483
533.253
439.207
717.778
579.765
408.417
14.1502
748.942
445.235
647.672
30.324
806.149
387.466
568.379
55.4106
34.3068
774.659
792.311
36.516
539.584
329.342
429.613
20.7081
413.732
563.161
948.708
873.097
254.906
717.512
399.924
650.222
706.995
933.176
89.4297
424.774
512.941
497.847
438.924
261.883
943.081
86.5962
292.207
749.23
474.063
860.587
804.641
508.369
635.246
596.952
544.885
174.83
926.294
974.499
195.538
340.026
537.66
144.246
213.122
792.566
861.759
613.046
442.789
568.754
546.222
532.218
993.528
59.1633
30.0651
432.452
321.047
973.147
519.048
613.254
722.377
993.11
473.841
527.017
501.48
109.087
123.969
46.3652
283.917
50.2633
20.8639
479.455
390.289
558.524
623.701
603.411
351.09
485.46
216.457
793.879
54.214
762.679
326.097
47.7418
821.842
356.162
480.193
142.889
329.309
999.241
756.143
51.6852
992.352
229.984
578.702
493.831
339.071
702.672
540.197
622.988
752.935
561.06
102.443
143.224
119.584
726.144
746.635
470.674
211.604
963.092
264.553
265.818
725.771
590.649
313.56
547.613
946.811
793.753
690.502
276.12
792.995
446.645
327.805
785.346
676.628
906.508
279.178
15.6992
609.179
819.374
638.687
362.115
380.434
741.13
505.339
500.019
467.274
251.974
970.693
678.878
215.066
235.245
944.697
940.837
825.895
258.257
488.45
772.706
52.0103
178.952
48.8258
845.005
625.596
376.631
630.351
302.225
283.138
909.529
317.924
892.318
728.903
956.611
254.432
109.337
697.741
759.771
609.356
165.015
11.7453
580.048
843.894
226.811
815.294
788.59
167.648
641.188
46.8473
656.098
413.894
98.8576
835.05
462.72
943.863
460.646
839.351
574.214
762.871
122.489
483.742
80.7953
14.8069
212.645
37.4063
269.239
321.982
735.147
29.0106
931.338
900.163
40.7559
511.386
744.056
267.567
326.68
532.647
435.216
967.868
579.494
91.3142
381.762
678.351
926.364
844.482
622.214
387.011
683.833
196.428
149.882
806.322
680.17
230.677
821.129
892.815
268.084
90.3681
214.797
3.23105
119.379
146.135
903.394
160.135
657.522
647.45
427.702
984.202
180.096
862.918
952.07
759.59
954.232
333.832
437.942
880.596
178.314
60.1557
267.607
862.147
256.583
417.489
668.469
936.754
648.167
489.597
829.569
916.25
579.965
44.3661
919.481
699.344
190.501
822.875
859.479
848.023
470.325
287.181
832.225
650.421
150.099
784.295
410.011
104.331
118.126
847.953
984.927
296.44
908.109
252.535
158.587
164.692
670.024
827.056
101.446
318.191
316.653
931.014
234.441
896.618
975.38
153.923
595.963
165.882
976.798
455.442
13.9049
447.123
742.623
846.13
97.5437
892.721
630.424
507.555
997.052
748.551
355.508
981.98
44.991
263.617
234.514
203.578
428.309
904.539
30.6337
529.754
222.729
347.287
460.768
457.171
243.905
436.149
611.093
839.868
602.03
587.891
295.309
615.935
35.0138
37.932
462.065
132.558
930.653
92.4893
640.113
927.706
841.04
995.62
909.686
886.031
259.237
144.2
89.609
687.546
48.7385
120.243
217.3
271.468
467.529
678.068
728.638
711.434
114.216
339.732
551.302
716.247
927.623
846.611
332.182
962.637
884.543
794.247
95.1945
815.197
886.736
735.307
742.903
727.776
730.928
652.588
613.807
990.165
796.788
703.416
677.71
845.527
823.659
895.01
116.995
291.188
573.077
845.633
2.62258
687.294
185.365
553.925
403.541
112.988
400.536
735.723
75.6249
285.08
529.97
170.819
100.276
416.706
906.126
843.179
144.482
637.054
495.767
758.29
627.219
292.555
461.706
304.929
138.082
285.365
199.938
255.076
576.553
773.016
100.709
579.176
460.309
286.074
133.1
863.85
399.062
533.636
599.573
474.687
818.716
129.542
645.506
918.992
546.248
551.633
762.171
690.731
188.687
257.939
449.02
815.905
550.494
910.726
120.834
688.576
196.091
320.772
943.652
772.644
93.7877
44.3619
351.819
554.097
330.436
484.919
417.947
729.499
18.5558
17.5198
204.186
837.272
147.062
849.692
756.264
693.311
401.325
518.436
384.041
590.012
776.374
833.062
405.917
326.868
743.788
526.751
15.4439
939.879
847.523
959.096
712.522
941.311
3.45808
64.3416
495.408
333.894
549.261
913.355
63.3928
567.817
930.875
267.578
405.089
77.9371
117.271
161.353
771.248
518.596
679.788
155.289
108.608
456.162
988.351
514.525
783.03
732.138
41.276
798.474
672.017
888.799
757.571
384.539
830.11
761.029
448.881
325.518
94.923
998.142
238.873
158.316
565.959
169.748
425.894
971.047
247.685
543.165
132.4
18.9329
61.7606
812.189
174.222
170.368
268.351
162.572
684.893
51.3816
894.711
726.169
849.856
566.728
614.968
607.427
951.267
445.079
368.455
400.148
770.597
463.378
398.29
9.47013
621.694
964.248
179.218
47.5882
935.296
426.904
590.753
67.696
445.836
652.514
879.885
620.058
822.882
148.236
782.631
507.775
199.617
677.342
233.944
49.4732
244.069
848.912
656.9
195.336
293.991
25.3549
595.484
64.5876
488.733
993.774
74.0577
110.427
958.022
253.276
158.015
893.318
680.18
748.768
961.014
126.016
401.282
840.899
746.075
224.164
989.134
528.705
731.938
188.752
206.047
965.882
238.225
450.117
814.794
895.125
645.453
108.785
920.479
240.937
173.373
409.213
234.711
247.431
519.64
192.734
500.707
677.655
86.0517
180.886
426.423
47.0658
306.902
827.705
887.965
52.9768
51.8689
877.099
581.682
783.807
65.8506
787.729
749.69
304.075
237.846
564.484
199.2
883.299
673.269
119.679
124.236
846.642
528.892
358.948
94.0727
48.5317
551.681
594.779
726.187
637.733
775.665
152.61
684.799
82.5677
980.315
572.763
135.545
32.1839
449.862
717.227
815.991
515.713
504.956
565.681
819.788
742.802
130.165
18.9879
626.101
803.434
138.667
750.337
650.077
667.559
109.285
744.149
716.091
660.966
338.929
442.278
298.698
114.594
594.888
983.497
197.162
575.203
556.26
332.706
607.387
6.12195
49.9329
423.378
521.834
554.889
989.059
341.622
297.691
119.224
360.61
923.792
922.658
499.278
674.129
572.735
166.837
783.413
316.884
882.928
444.379
655.813
325.206
743.078
770.407
920.094
726.575
967.568
495.297
282.835
300.275
102.683
288.957
350.207
526.061
810.791
905.096
515.12
152.413
202.787
634.344
513.024
126.579
557.002
12.3013
800.708
129.737
179.138
584.121
446.622
62.0666
28.5004
102.434
387.273
771.578
872.841
307.366
498.153
840.409
802.663
780.987
140.684
905.346
69.9438
490.891
431.407
880.735
395.988
946.527
33.1482
598.775
580.872
546.172
725.354
137.874
558.473
526.062
267.611
737.611
110.183
714.233
799.678
138.684
816.667
186.951
910.262
689.509
494.317
408.414
529.918
296.98
189.401
670.602
202.326
259.345
161.494
633.734
140.08
557.481
580.261
173.228
156.257
161.133
719.4
881.611
299.007
277.873
407.673
566.618
15.4844
517.856
280.851
815.162
656.54
97.5185
2.11305
566.801
787.027
496.43
975.215
316.945
793.41
164.617
987.547
995.737
423.962
149.041
629.471
564.042
706.522
209.732
737.27
862.779
370.865
456.67
744.39
669.871
734.543
152.062
236.49
750.027
669.918
517.341
565.189
326.458
614.859
567.302
893.259
401.886
63.7327
868.474
718.831
857.143
33.0907
706.378
852.88
457.052
855.419
482.35
21.094
561.941
692.082
758.364
424.72
62.9468
215.033
169.109
732.818
949.576
321.172
969.308
699.603
991.09
486.648
264.793
317.548
101.507
832.095
210.806
503.394
895.828
79.2805
222.225
752.971
112.371
928.603
605.85
569.424
784.022
88.2007
590.518
345.963
780.283
348.881
770.682
843.23
563.915
939.791
576.048
513.491
260.963
545.356
213.094
252.053
32.0041
477.887
569.6
133.512
309.982
780.407
636.905
205.809
859.687
859.13
958.78
972.059
787.733
564.63
541.482
571.755
652.831
132
917.717
433.114
480.881
688.399
276.344
44.7959
628.191
852.391
558.287
889.154
397.747
771.381
141.207
429.751
249.267
710.807
563.263
559.249
491.214
200.168
765.058
350.901
59.2977
723.838
322.96
847.031
288.468
864.442
418.785
941.299
996.442
336.502
374.413
477.323
24.9018
650.757
522.119
653.093
503.148
80.4055
542.247
900.895
851.786
683.453
330.647
101.054
394.26
893.909
660.302
885.474
94.0773
425.361
236.375
153.375
149.199
559.335
0.405591
437.667
423.777
419.191
378.966
420.218
755.693
753.379
897.541
780.595
404.136
419.66
433.687
907.284
500.065
975.934
808.179
351.851
659.387
138.826
452.905
53.6473
32.7351
113.207
939.121
126.812
538.568
175.496
280.188
687.766
734.831
280.593
125.433
158.607
699.784
504.399
578.825
455.477
257.778
476.366
236.071
661.914
896.026
669.759
569.198
396.091
645.693
377.377
747.942
305.08
516.203
200.847
358.727
548.938
314.054
297.849
675.75
852.622
473.345
955.938
540.389
208.175
236.531
665.822
366.783
936.315
170.221
945.608
391.792
427.999
421.975
627.863
89.9137
318
297.622
659.112
714.091
943.315
36.4889
462.033
248.395
552.692
662.88
607.122
101.63
976.935
904.971
777.38
829.557
378.316
733.318
369.946
586.491
969.849
35.7674
953.274
906.164
205.989
898.882
297.956
633.988
320.857
925.819
723.902
638.857
223.441
383.013
352.948
166.755
419.502
814.982
415.15
972.194
477.862
22.2729
73.8238
454.797
927.244
851.204
284.354
305.56
584.522
654.299
892.051
554.371
690.067
845.325
460.535
896.055
744.207
758.491
530.043
65.0635
684.31
253.945
703.921
907.75
636.959
56.869
74.5054
56.4608
871.851
489.656
28.6548
349.713
511.929
102.479
804.51
439.173
953.683
88.8636
744.732
538.205
743.163
636.783
92.576
433.23
482.107
553.111
329.285
226.314
311.602
859.329
291.378
995.912
113.274
995.298
903.662
750.232
52.1674
978.167
806.693
924.018
467.823
835.348
273.731
979.752
937.826
78.2409
418.925
891.509
167.104
163.657
429.714
910.267
800.44
522.29
343.497
282.547
75.4011
672.782
508.861
387.003
532.111
800.239
382.915
645.385
795.537
286.577
395.617
847.705
264.745
202.31
771.723
732.568
37.6578
45.4541
712.32
975.484
123.695
131.244
866.993
290.799
294.901
296.707
201.067
95.3408
818.996
544.564
377.888
894.397
217.346
886.749
281.401
749.457
686.988
664.316
394.842
482.525
950.893
790.458
330.23
215.638
992.768
101.953
948.206
30.4262
147.407
660.526
5.91033
271.102
791.77
872.903
561.902
86.6714
169.61
762.968
182.012
988.606
307.532
559.9
883.004
524.878
446.649
164.405
274.335
133.637
828.721
669.177
616.163
779.615
459.635
946.393
995.253
452.404
48.346
943.459
482.83
195.753
603.984
488.74
466.855
395.754
361.644
28.757
482.426
531.254
791.725
664.438
519.86
99.2575
224.338
402.864
624.136
670.987
567.269
898.471
804.625
395.99
567.648
420.787
175.605
27.2838
367.18
170.857
479.688
415.526
114.316
962.518
611.279
718.3
451.258
78.1347
114.054
812.902
106.892
596.48
344.156
898.617
260.918
864.016
997.875
485.257
266.88
622.011
156.244
834.149
520.482
960.868
230.139
88.1301
381.656
405.744
115.414
748.836
576.601
595.102
164.362
690.917
557.619
775.641
409.217
8.87705
853.776
523.271
821.779
960.668
119.752
165.934
859.285
380.67
29.9502
857.159
865.927
296.83
479.17
22.1705
130.979
999.652
983.039
361.119
87.7818
364.695
766.862
203.196
113.53
343.464
798.297
277.892
34.3803
355.916
53.5336
443.597
364.793
907.31
966.868
186.572
867.977
86.62
352.506
727.262
467.29
382.457
584.421
333.217
679.287
63.5912
355.387
810.266
63.2429
338.426
171.385
151.025
703.121
938.247
354.221
816.651
281.711
152.518
94.5434
316.091
508.434
148.077
759.688
873.228
55.3866
726.557
59.7998
923.364
813.177
412.306
650.626
280.467
794.763
235.047
613.683
474.05
298.639
969.07
284.316
361.881
307.496
455.701
512.906
10.6171
393.948
867.127
827.268
675.659
19.6445
921.812
991.751
528.079
69.8885
751.439
401.306
125.275
477.996
461.106
48.639
291.173
873.412
699.265
571.639
668.175
934.312
185.323
142.225
232.951
154.393
426.541
594.832
461.89
882.242
107.738
472.507
276.19
974.865
299.775
951.85
994.51
221.587
943.601
522.588
291.475
695.04
923.895
416.75
173.036
385.001
465.389
464.208
258.413
164.654
35.8477
926.589
98.9663
221.171
68.8135
331.917
375.564
495.355
926.749
837.454
377.597
34.4874
309.961
653.787
9.35241
609.736
605.637
3.86199
831.323
549.238
526.45
122.798
244.277
450.345
539.549
417.313
835.346
4.93794
881.521
93.7589
169.592
917.369
20.3474
268.558
138.539
89.161
600.475
514.103
584.516
527.224
351.557
962.112
561.712
661.518
615.899
571.064
271.254
221.536
574.926
102.577
770.774
101.377
225.375
15.051
551.721
764.924
432.364
387.067
769.862
313.885
480.826
939.454
231.253
501.174
208.012
369.793
590.334
808.488
883.896
174.85
335.712
235.453
136.962
897.424
896.971
752.861
468.488
168.225
974.398
43.4146
270.803
745.172
144.791
496.178
760.223
696.513
261.102
192.586
83.5797
30.9635
506.471
564.406
970.417
737.725
65.5793
178.43
107.517
655.914
986.918
991.413
830.764
322.63
226.866
967.726
220.054
123.838
720.587
688.542
292.063
694.985
731.957
562.866
440.157
876.748
59.0435
200.379
573.261
320.145
392.965
656.84
351.109
899.437
221.246
321.526
637.161
286.825
499.956
744.678
942.739
486.873
736.092
773.503
809.503
962.958
741.229
29.5571
86.7955
461.816
718.099
378.859
156.801
450.056
941.724
596.958
326.804
0.767693
797.337
900.065
320.913
190.303
556.905
672.021
89.7392
778.152
993.547
726.9
64.9769
493.503
471.579
7.71607
980.376
207.67
781.219
789.879
170.628
522.448
819.437
257.423
984.264
537.536
636.282
141.065
987.592
578.006
738.023
314.397
578.774
535.36
214.462
899.687
725.663
771.367
571.708
815.402
549.519
565.256
542.303
614.496
58.7587
13.8811
622.212
39.1351
221.551
403.431
829.015
392.179
925.878
648.451
649.603
910.142
185.987
285.885
51.2077
173.579
863.891
789.231
487.976
442.665
324.591
702.437
342.352
50.2544
473.805
914.06
865.657
23.3231
479.315
407.959
637.819
538.074
421.84
260.03
577.209
643.391
663.461
406.224
35.5706
589.339
54.6747
685.173
499.481
240.662
971.058
550.689
414.241
834.949
339.92
902.217
277.614
664.511
604.654
619.965
714.766
78.4585
534.025
580.422
101.782
13.3406
988.382
739.6
551.415
410.222
999.63
128.624
53.6133
663.091
534.848
89.1839
252.43
589.522
774.357
751.912
830.184
745.415
302.601
244.425
580.364
642.521
146.641
857.978
307.032
751.295
477.943
21.7983
829.754
11.9682
602.221
931.535
25.3088
590.602
671.135
576.724
0.824207
670.766
705.347
54.4375
333.857
240.195
143.621
586.288
829.717
917.979
338.199
659.901
663.394
640.8
904.326
243.758
283.321
50.9667
101.735
590.354
802.262
579.678
612.152
632.015
591.647
214.373
563.55
616.955
804.975
234.686
193.679
805.799
905.452
899.026
860.237
239.309
139.221
3.85829
825.596
968.939
921.837
163.796
628.84
585.23
804.596
533.165
828.988
87.9172
584.132
930.723
678.271
386.394
510.402
290.423
18.4091
102.048
504.796
581.96
719.004
309.771
816.645
912.683
115.571
722.097
811.709
975.807
961.406
950.93
979.666
787.003
919.869
901.503
950.798
548.708
486.733
755.394
81.8735
315.721
843.312
666.005
246.445
521.583
52.3992
756.846
812.006
70.8083
858.895
316.802
652.768
577.898
626.573
469.413
490.581
742.143
191.511
302.29
717.951
152.917
253.22
697.616
939.92
173.089
599.119
890.718
721.797
85.8521
646.113
803.67
401.573
489.424
469.676
648.018
11.0069
522.075
404.864
823.013
592.883
263.759
139.814
245.651
841.657
766.387
715.065
332.238
508.53
906.575
634.528
226.481
59.4924
887.748
924.097
999.412
60.8362
523.216
890.13
782.633
609.068
536.243
586.303
10.6416
25.6669
55.9791
658.659
36.6738
578.054
63.5237
859.686
170.937
327.282
999.5
416.589
168.94
765.887
131.653
501.178
274.417
38.2287
135.705
500.898
97.7211
23.4531
424.995
97.1331
84.2894
948.211
987.263
866.922
557.279
523.506
453.226
567.921
549.173
509.205
226.58
585.846
87.2588
290.104
445.533
258.196
617.387
445.033
674.785
786.326
210.92
806.438
287.504
485.337
844.667
423.209
986.235
942.388
446.662
411.23
39.521
530.952
359.441
26.7842
397.874
916.72
550.29
851.1
484.641
99.4628
360.305
711.222
685.309
447.564
1.32573
130.842
705.76
618.712
575.875
380.544
405.038
786.796
186.983
692.542
272.133
31.6495
115.752
258.368
974.037
562.414
669.598
13.5584
93.3659
29.0395
40.3427
491.24
945.76
590.633
342.34
430.401
690.096
702.645
141.623
375.405
150.208
142.949
506.247
855.968
761.661
82.1224
236.512
166.699
868.918
423.495
859.242
141.051
455.145
974.993
399.42
429.182
537.407
69.0179
442.74
630.773
98.0574
483.083
122.013
43.8174
73.7159
464.353
474.219
763.811
166.998
615.842
139.216
317.206
758.79
645.464
173.174
520.451
727.586
409.687
687.151
596.504
833.182
546.393
737.555
288.326
521.386
136.975
717.508
58.7931
205.993
160.248
689.566
304.05
643.331
811.579
347.868
717.047
275.933
822.086
480.859
442.931
437.928
620.075
760.137
196.719
265.539
933.311
717.17
993.125
342.998
404.321
589.629
176.179
950.714
327.184
464.505
472.099
464.159
182.014
530.892
670.152
342.262
220.459
974.202
985.593
32.0382
322.07
702.641
307.971
144.156
183.5
750.902
582.084
803.575
511.039
778.803
69.1138
444.35
495.973
62.2386
787.347
900.294
651.868
963.527
851.007
979.052
428.032
323.107
443.211
610.046
853.999
113.363
952.308
74.4578
87.5648
937.901
106.496
409.635
640.542
414.467
553.791
824.041
165.369
135.875
627.616
676.407
914.678
696.73
120.757
410.651
758.969
908.104
310.944
410.836
871.631
161.952
389.888
299.663
485.059
833.099
909.708
339.058
946.461
862.016
413.516
34.0263
799.917
520.012
443.661
440.458
934.478
997.451
264.5
99.8469
133.326
892.116
776.254
48.004
588.846
897.011
458.655
347.815
805.115
769.599
758.651
676.745
931.551
148.539
976.408
416.609
981.637
886.116
755.667
928.099
748.131
169.183
962.125
548.048
689.194
405.786
988.506
623.672
403.238
253.006
723.519
536.564
145.122
499.773
584.568
733.968
396.784
43.2225
81.7827
201.899
812.821
840.433
878.644
744.372
988.972
855.051
160.982
970.61
741.167
916.649
898.709
489.298
85.8311
860.834
37.3466
775.025
266.62
25.8531
398.698
669.857
278.859
122.217
206.421
423.981
621.99
790.989
157.949
18.7743
834.212
239.732
220.673
647.033
80.1656
99.3164
391.405
69.1378
954.368
552.387
39.7475
695.535
469.035
938.456
184.833
554.866
799.29
222.18
329.892
65.9098
248.033
728.589
735.767
526.892
850.806
942.188
950.873
472.796
733.178
108.823
491.571
567.389
348.555
712.244
214.422
428.72
811.56
605.827
497.858
765.928
158.214
537.606
461.462
627.25
476.062
646.295
182.116
275.352
868.475
512.008
341.262
116.508
240.597
77.0289
643.4
91.4027
19.2173
594.273
564.199
752.395
703.096
55.7698
319.784
51.6508
768.013
534.206
480.371
579.573
140.033
978.229
345.501
298.248
515.835
806.963
925.497
991.897
453.259
107.613
267.249
321.734
619.621
608.51
438.242
860.217
685.539
81.6417
951.62
704.757
675.915
515.819
457.151
379.011
571.589
776.935
430.662
339.602
311.141
911.033
919.176
451.175
889.262
264.676
749.422
405.098
71.6397
674.919
396.995
524.898
782.533
664.243
846.632
402.153
272.754
284.874
262.371
958.293
366.516
213.991
663.049
42.4307
729.81
120.201
421.442
301.399
897.136
852.104
641.001
208.278
763.137
560.176
659.452
652.399
824.853
408.875
57.4968
896.493
83.794
454.491
421.391
866.327
118.735
268.023
268.48
391.488
552.897
530.851
349.781
919.413
744.841
12.8304
961.843
474.651
133.031
383.285
776.05
30.1674
235.388
417.051
238.445
998.525
977.227
897.897
650.924
802.08
306.772
708.421
698.573
390.566
162.912
119.964
256.892
281.647
387.987
525.373
673.135
940.884
56.2232
22.916
860.296
801.065
35.7464
822.139
275.716
168.778
205.424
51.7661
198.945
440.813
468.817
437.39
439.338
446.045
335.287
90.2622
248.125
642.059
798.683
946.698
32.625
961.596
66.6617
289.518
243.243
454.649
814.89
916.378
395.532
871.113
939.294
255.829
672.178
975.04
77.9679
947.894
143.818
283.392
999.66
342.763
724.205
468.477
780.153
163.543
914.522
115.44
253.805
162.647
757.499
52.4885
109.345
790.125
14.0841
176.006
79.642
257.327
630.655
894.532
173.704
26.1872
765.645
112.998
282.016
437.823
88.0377
359.984
385.717
231.855
643.376
385.378
574.618
367.581
853.855
354.771
531.124
768.377
470.211
784.929
931.024
227.711
837.417
40.3683
17.8355
851.501
216.375
97.4775
108.828
847.03
992.01
282.532
873.217
757.655
395.53
155.233
195.478
483.568
515.216
581.196
715.423
158.592
966.573
290.041
526.173
820.428
644.812
57.2967
588.805
115.024
842.226
519.828
342.735
679.643
560.197
360.57
531.144
776.571
458.048
639.973
623.601
450.057
922.505
496.818
207.712
318.035
652.051
403.191
801.603
167.267
984.386
517.026
325.859
950.959
807.067
852.032
771.387
451.879
909.329
360.192
566.903
751.554
880.02
909.638
431.197
440.217
270.209
962.342
216.789
728.256
602.314
840.39
178.314
524.819
337.208
386.026
842.854
989.258
789.217
644.457
156.525
773.603
161.482
482.384
724.562
968.549
334.416
495.949
420.429
243.745
856.141
987.332
995.299
736.162
896.97
426.496
176.379
167.179
388.838
393.168
895.435
991.152
233.557
73.749
515.971
570.765
459.775
358.825
560.023
248.992
3.28197
716.548
22.5948
164.764
198.933
747.157
133.314
533.348
243.106
553.743
777.093
99.2475
541.075
772.392
835.409
438.045
198.887
11.7881
605.223
587.725
404.956
500.659
578.877
638.513
574.408
94.8478
209.278
34.1828
453.673
769.301
283.175
456.955
485.85
305.77
621.719
684.782
52.9265
755.033
218.131
296.033
308.776
995.223
395.28
849.85
767.615
230.689
287.895
966.503
242.477
893.119
554.228
647.433
393.777
133.104
285.946
968.185
227.952
495.224
2.36773
681.625
264.525
285.543
138.58
750.374
591.312
760.3
435.157
644.239
515.333
653.287
940.271
824.109
648.511
335.551
673.959
416.126
566.241
961.854
382.628
808.718
854.973
936.856
456.151
248.75
69.9601
742.097
216.935
297.912
237.321
219.303
979.537
501.846
504.845
118.118
252.221
96.1575
878.417
687.377
740.396
393.75
340.664
680.667
217.858
989.175
16.2189
891.817
405.301
582.46
853.671
787.929
391.178
708.644
724.785
847.33
957.394
794.745
589.427
174.33
92.6569
826.748
393.632
72.1944
328.595
898.478
190.312
580.815
994.635
68.7289
268.192
735.031
462.479
608.857
415.699
680.337
598.032
431.918
572.154
3.33222
14.3773
425.826
791.261
405.555
134.47
516.045
252.885
91.8645
310.79
842.312
266.194
403.447
669.06
659.826
475.641
997.655
558.304
665.953
578.47
552.939
734.682
846.663
287.97
197.161
455.519
703.669
877.498
53.5511
135.586
449.652
56.8833
149.964
875.478
848.144
555.519
9.94797
364.19
808.404
101.812
674.98
650.716
368.006
78.427
319.776
27.8327
554.068
317.431
586.137
220.022
895.901
139.076
954.704
742.564
427.046
151.865
198.083
130.715
29.3628
251.634
266.301
479.015
308.517
416.264
354.493
156.662
971.783
364.441
520.852
780.187
466.253
195.831
430.903
834.26
274.258
750.679
862.092
828.327
68.1104
448.229
48.3486
964.012
587.305
3.05258
706.575
14.3505
154.917
904.658
145.065
184.28
156.293
411.366
663.295
464.81
827.63
17.788
621.472
799.414
382.229
142.323
579.601
848.482
338.155
10.5039
682.742
612.413
761.183
544.834
440.74
829.294
993.064
489.089
793.305
580.368
492.141
499.881
594.719
647.059
404.539
739.784
831.339
560.831
151.149
494.634
25.6415
978.78
512.422
647.113
778.193
894.651
789.437
357.794
743.133
127.591
368.298
425.875
740.005
129.481
970.71
180.745
958.775
963.773
669.833
752.08
544.142
161.975
251.961
138.86
809.034
656.5
878.644
640.373
217.331
29.7934
135.007
242.973
8.57304
647.429
890.086
786.766
542.08
679.523
144.56
285.213
807.114
512.858
711.088
547.119
642.339
681.798
727.863
601.114
645.571
397.697
353.195
189.713
559.672
605.156
328.573
368.705
261.656
207.217
9.07761
478.987
237.01
144.084
721.96
245.583
791.513
612.046
32.3497
333.593
291.569
176.91
618.806
98.6827
689.768
329.894
645.801
332.107
11.6926
373.665
933.221
657.264
771.361
286.416
846.977
331.033
891.572
175.55
699.738
153.227
382.767
708.816
632.214
619.777
852.9
354.174
865.361
644.413
966.22
897.71
978.006
257.789
74.6203
596.812
356.471
764.388
926.707
2.27268
96.4953
938.399
375.937
29.7167
595.663
147.299
316.133
442.64
478.332
207.704
618.19
178.07
360.932
0.956713
886.886
993.146
620.734
739.786
347.32
486.095
384.199
313.54
383.805
362.205
571.328
458.426
959.017
927.8
222.814
885.723
930.072
319.309
824.122
306.01
349.026
419.785
453.309
665.159
862.425
931.64
872.863
480.615
109.71
233.795
481.572
996.596
226.941
102.306
736.382
574.26
588.401
120.58
887.8
972.206
482.785
459.128
430.632
441.802
386.928
653.445
327.525
317
972.754
151.647
623.01
321.78
571.433
76.3186
986.939
433.858
7.95897
859.802
914.473
117.669
93.5964
396.045
114.265
320.537
498.351
850.647
894.797
86.7517
971.227
782.597
58.9577
454.012
241.726
489.589
895.813
628.654
143.034
223.338
945.654
115.789
374.985
568.665
437.569
946.418
644.983
424.507
380.276
652.942
284.309
294.749
770.611
377.905
690.794
884.877
698.442
189.145
735.523
593.24
275.897
706.75
375.837
334.854
160.762
617.563
824.444
56.5758
246.217
967.478
279.914
191.871
83.2669
654.899
760.536
520.836
601.317
405.519
945.343
981.593
58.4611
229.652
276.343
829.072
607.557
967.137
713.949
306
156.282
449.472
899.239
432.179
156.223
275.076
767.033
316.985
892.639
591.477
373.561
138.856
558.955
653.475
330.728
642.222
308.374
91.2634
163.057
909.692
496.782
108.4
891.285
555.243
338.052
167.628
384.316
945.61
134.765
98.2649
251.609
291.046
547.737
150.848
723.225
703.96
425.925
490.258
20.9454
318.564
81.7345
394.506
457.42
640.689
47.9816
788.148
282.911
356.356
879.411
445.968
266.048
376.193
554.369
157.333
931.437
892.421
324.961
315.753
838.03
459.726
414.018
89.6395
750.772
961.755
240.488
473.997
665.715
666.412
964.255
686.661
984.976
45.9892
81.1671
442.396
686.678
129.149
230.544
969.589
485.505
109.955
415.558
751.553
486.148
969.926
908.886
417.585
862.347
233.847
733.338
700.378
693.572
147.356
790.017
444.344
109.111
30.5051
918.341
774.826
696.918
882.596
461.486
681.894
928.585
542.654
124.29
615.263
671.802
354.834
584.853
157.307
464.789
0.410601
908.86
950.937
970.337
817.745
368.523
832.684
51.5924
101.861
533.062
745.165
249.216
323.079
189.509
358.327
353.584
107.85
133.153
50.5019
990.446
594.639
732.396
919.031
137.293
856.686
534.294
809.095
211.52
119.147
966.402
676.309
119.558
875.261
627.247
89.8948
693.007
995.769
922.579
744.599
97.6298
455.641
489.764
346.846
778.72
679.273
705.173
132.305
787.123
838.325
182.807
777.57
432.964
915.202
696.6
570.257
771.888
230.895
379.351
983.408
350.042
345.753
659.718
469.6
221.014
286.964
559.494
914.021
282.733
482.073
658.62
380.363
937.715
148.384
727.209
716.435
827.658
432.382
848.739
614.781
270.707
31.546
392.351
703.671
946.748
88.9511
273.928
718.636
319.846
653.28
702.045
669.888
999.033
361.762
139.488
220.047
648.727
698.982
134.069
931.46
181.056
792.689
311.823
118.77
941.074
39.0324
835.205
768.731
471.414
683.944
383.512
742.122
715.49
775.863
445.793
662.239
864.814
719.721
380.875
184.66
373.001
82.9198
854.548
372.034
444.682
994.035
592.081
93.4087
693.017
726.15
24.8686
874.073
518.839
336.692
992.843
459.913
375.724
828.048
228.644
847.139
511.992
612.156
589.26
227.483
388.019
35.0534
889.721
252.833
754.775
270.596
437.493
127.776
353.516
292.041
499.81
798.198
286.077
91.8911
891.607
979.094
818.041
916.476
853.167
336.88
253.167
846.01
796.793
628.892
674.058
25.4371
476.03
186.05
637.593
65.2907
413.533
25.6125
100.344
303.254
278.446
855.119
573.851
715.939
982.895
927.367
7.98011
482.704
725.565
294.057
574.596
617.172
273.151
392.637
533.647
126.318
729.517
786.815
972.328
526.31
415.707
646.386
551.747
891.737
832.436
189.341
957.028
245.969
214.953
57.3717
549.224
493.399
912.49
123.074
209.338
895.385
50.4407
217.318
378.089
776.006
511.375
952.685
393.178
784.525
345.322
926.825
910.843
74.8388
713.64
883.171
601.149
129.347
529.557
152.896
21.0835
361.993
342.237
978.111
607.963
557.19
35.4828
157.186
50.5891
947.973
280.26
259.927
843.358
330.701
477.245
221.448
106.706
988.62
174.133
499.884
773.145
519.454
426.709
683.988
594.293
140.349
567.16
195.442
269.696
96.7167
348.338
290.779
458.71
690.575
268.89
66.6728
247.766
304.373
223.859
298.355
252.346
504.119
558.282
95.7045
834.82
35.5268
317.152
941.527
24.1466
491.285
441.411
797.292
10.7392
868.12
481.28
605.032
8.46868
48.4399
800.474
278.164
145.157
148.813
568.943
603.867
839.388
837.833
670.54
87.1539
142.206
894.398
385.509
394.553
398.518
943.79
490.257
233.338
979.317
807.409
174.864
3.46381
298.694
616.275
800.756
309.433
484.394
282.036
914.465
492.863
330.476
714.94
771.027
475.632
863.753
339.971
79.4991
703.141
177.804
750.039
790.295
320.011
644.437
175.803
714.563
42.9547
119.594
204.82
276.292
98.911
12.2294
451.157
102.375
310.923
67.4315
903.13
620.357
551.826
185.166
534.822
44.6891
515.642
249.762
815.716
991.274
113.514
155.687
70.7733
816.655
333.491
820.812
606.95
653.502
465.249
782.753
368.065
508.204
902.347
572.885
784.496
1.25782
585.115
235.653
103.633
896.038
303.084
6.76295
516.395
854.91
191.929
51.2168
899.599
707.571
300.979
715.316
698.845
414.493
871.003
769.619
231.148
204.495
590.431
838.098
857.997
55.6795
620.851
226.062
563.883
523.198
798.947
348.379
524.456
384.062
584.032
628.089
280.1
887.117
634.851
796.494
742.027
826.781
847.711
641.626
534.352
148.69
356.942
233.197
563.183
227.945
2.81557
794.331
432.44
593.246
632.429
290.436
648.926
253.28
516.498
212.809
776.479
315.445
561.188
300.935
699.507
145.221
929.023
979.606
32.3375
563.875
776.1
774.365
390.655
623.811
415.991
925.007
772.501
772.933
158.204
335.684
0.878856
161.019
130.015
433.319
754.266
762.444
723.755
403.191
15.7245
240.253
616
792.203
555.698
177.188
93.1377
255.205
322.409
22.1609
234.811
354.747
586.035
10.9114
129.111
976.691
634.723
545.102
901.698
407.224
318.036
59.9016
742.907
318.915
220.921
872.922
752.233
975.187
635.366
475.989
378.378
651.091
716.242
994.378
443.294
271.941
171.566
536.432
527.146
493.976
558.593
761.957
848.722
144.628
772.868
977.834
121.319
407.591
522.936
23.0164
814.815
840.972
82.918
557.722
159.886
303.839
430.644
912.119
279.026
66.0107
388.108
657.403
717.102
104.35
651.781
160.395
376.291
823.348
696.827
903.437
317.323
255.42
665.394
166.045
400.048
438.262
143.879
521.366
845.853
666.815
544.383
660.668
507.786
627.301
218.39
667.672
931.14
649.034
579.792
210.166
715.045
967.9
867.569
432.147
72.2504
519.35
592.542
448.542
342.698
289.369
351.978
660.021
544.789
17.3722
826.066
944.836
455.634
969.945
466.203
301.487
636.76
10.5854
962.155
144.546
637.886
180.545
812.218
569.026
829.579
392.01
779.191
544.624
359.91
646.76
976.771
432.16
166.111
569.313
880.702
508.808
858.682
232.68
168.829
403.471
250.052
994.895
348.307
705.687
964.84
814.51
7.17383
601.599
825.095
969.329
746.145
462.981
149.874
558.363
32.0072
979.453
950.373
811.199
524.077
310.283
457.959
500.848
742.443
624.07
70.1613
623.144
132.878
928.843
855.825
301.707
332.314
105.877
296.602
680.621
811.564
261.442
495.131
818.737
863.042
320.226
788.066
609.187
783.207
937.94
167.55
815.214
917.393
117.923
626.413
441.471
428.205
84.3719
942.319
170.648
708.442
12.4802
793.793
841.32
941.324
649.617
143.027
273.638
755.494
439.629
954.259
567.058
701.071
449.39
385.795
564.112
769.615
173.862
173.299
552.822
111.802
340.849
368.037
29.1947
458.772
994.449
470.665
886.977
78.8214
412.984
57.6252
787.263
425.464
851.418
628.583
366.788
501.035
771.609
640.426
256.529
211.238
594.684
823.587
912.309
44.0741
209.382
476.422
813.69
383.244
649.721
366.512
495.046
990.57
734.549
524.24
449.341
728.998
994.905
336.318
807.82
407.89
393.943
595.083
833.354
245.361
223.665
200.142
746.396
995.275
840.567
2.92566
206.513
435.252
826.513
118.822
479.326
35.8954
595.243
293.015
419.139
244.964
659.527
914.185
235.534
394.076
438.425
684.875
123.074
433.331
21.1931
930.894
841.22
415.137
525.976
674.574
660.498
749.642
874.716
406.894
744.916
715.283
409.82
951.429
150.535
236.333
70.2509
629.861
272.228
665.494
922.876
691.367
910.458
582.403
605.552
145.992
976.479
43.9776
830.867
99.5537
477.308
852.06
30.4474
318.528
267.197
556.424
993.102
927.695
306.065
867.818
334.589
50.9814
583.101
744.408
2.41037
733.636
980.741
72.6613
363.496
252.969
738.156
286.372
944.336
648.614
868.776
549.889
794.606
845.255
593.867
625.473
944.809
71.1748
477.534
975.256
389.703
744.73
531.68
382.806
672.425
837.745
250.624
7.01368
888.727
833.725
751.422
891.137
567.361
732.163
963.799
930.858
985.132
701.954
217.23
929.469
350.568
86.0059
479.358
145.175
931.261
73.224
770.648
876.07
144.399
248.182
851.327
534.102
992.912
383.007
916.908
665.337
220.752
167.532
672.351
109.479
1.25721
423.773
0.616314
568.618
155.936
964.415
499.476
141.068
666.369
716.706
70.5368
16.9372
802.712
549.894
162.112
733.973
623.118
932.76
610.043
767.517
180.941
461.37
301.619
173.854
844.377
218.527
839.191
65.1288
386.059
511.541
174.608
387.317
935.314
175.224
955.935
91.2503
139.639
455.411
232.318
806.008
172.117
302.855
822.945
974.829
852.75
985.057
708.802
475.868
917.817
318.845
243.385
98.7583
780.215
545.005
272.612
624.592
763.532
111.803
689.72
149.591
623.344
864.328
536.908
558.658
39.5525
492.843
649.909
179.192
948.254
882.227
985.2
120.371
185.082
808.145
95.1994
37.8321
793.202
804.001
513.7
711.019
122.846
757.085
809.777
903.061
302.09
82.3889
527.653
65.6218
194.191
217.373
215.213
817.535
81.7017
752.121
376.194
121.254
244.964
26.1023
300.446
193.217
908.329
285.645
313.588
93.4119
93.7902
408.787
131.244
886.992
212.788
644.944
598.011
335.635
402.029
407.788
238.696
704.119
490.177
766.349
769.741
684.368
983.723
984.954
501.904
65.4244
737.075
878.097
186.679
982.038
904.2
487.124
175.256
812.529
772.77
488.844
905.941
866.56
897.631
37.185
753.552
110.419
682.129
351.563
446.054
84.1583
759.351
684.75
788.277
249.527
451.1
558.018
933.895
434.822
542.972
435.799
500.247
280.047
313.896
686.925
262.086
218.096
174.05
437.341
30.6254
946.82
926.185
936.566
813.38
823.816
973.751
566.932
934.235
655.881
918.494
380.289
740.039
677.845
65.0395
528.316
927.372
516.139
86.3347
861.267
950.961
629.307
297.067
451.208
909.354
610.963
138.133
171.44
829.059
312.183
608.781
859.685
259.002
534.966
796.251
72.3815
358.782
770.003
639.313
293.017
425.883
557.807
673.306
165.922
235.652
738.345
694.238
163.024
254.484
780.573
24.2916
205.445
409.88
321.358
656.653
319.234
932.321
794.786
490.673
761.38
106.969
99.4544
621.065
365.971
634.42
417.316
438.352
993.202
187.319
77.6651
286.219
613.202
635.472
959.525
779.124
871.125
697.87
473.362
34.1488
952.354
253.935
58.4404
157.8
663.814
379.799
814.453
983.048
312.12
609.239
473.722
73.5002
716.208
573.176
694.565
82.1781
207.597
111.881
520.53
200.799
299.2
598.195
487.018
912.402
233.668
446.542
691.525
104.792
144.412
164.887
138.941
96.7668
418.822
197.382
254.567
82.6362
577.18
69.0197
65.6846
889.3
678.259
539.406
962.8
394.466
112.583
657.366
476.645
320.179
769.247
997.175
520.978
68.4469
595.37
7.99569
980.849
829.038
454.538
672.374
933.83
598.95
837.261
72.7716
695.717
256.083
270.153
950.284
338.719
847.334
19.3035
404.403
736.634
697.562
943.81
699.434
92.0286
56.3925
356.8
568.673
376.572
126.047
565.848
897.55
194.494
161.218
905.546
175.342
990.256
360.084
847.716
924.086
959.034
684.977
996.858
654.751
941.06
267.011
605.035
279.778
114.345
624.338
684.182
850.978
321.901
627.992
550.413
413.929
684.384
907.212
982.602
60.9558
33.2592
548.45
958.506
227.753
709.668
864.051
403.095
699.924
224.135
250.811
624.01
183.169
935.788
620.868
837.92
876.848
887.879
442.955
156.626
2.22359
67.2935
840.808
853.202
389.194
468.799
403.615
803.123
153.183
310.827
785.726
214.139
344.086
334.176
172.645
571.839
43.8439
36.6962
974.934
743.768
260.831
225.746
367.778
444
161.534
988.646
281.92
38.3814
876.525
724.876
195.007
878.748
792.169
35.8152
731.95
181.363
504.614
135.565
984.486
657.798
446.392
770.212
871.937
790.478
104.388
44.5814
362.317
148.232
81.2776
337.251
891.999
342.109
562.997
259.777
786.109
724.531
248.423
68.0296
762.912
124.948
792.905
957.92
3.69629
585.074
993.735
735.647
766.437
498.349
871.212
750.923
156.147
317.604
521.135
28.0833
108.082
625.523
72.6647
470.399
773.755
153.942
807.65
665.754
496.051
370.647
925.532
282.16
95.178
173.955
350.19
858.09
298.903
143.095
816.01
302.599
728.169
809.744
38.2457
494.606
308.093
909.457
245.53
464.24
227.061
766.665
492.323
335.143
392.188
564.988
805.541
165.943
718.93
613.192
831.697
214.982
983.839
757.229
497.142
79.0171
931.183
847.332
937.107
230.086
990.427
753.117
532.685
718.596
562.861
570.931
213.202
870.954
480.388
458.732
335.194
707.449
225.397
827.517
42.5917
617.585
392.505
848.133
783.528
111.436
461.325
615.225
326.417
445.164
372.454
823.559
524.181
303.637
670.891
461.288
533.723
661.318
214.405
66.4086
379.914
777.266
637.34
593.116
648.22
117.728
51.8483
983.414
825.177
277.245
810.932
867.769
894.831
203.437
715.902
678.359
314.873
177.227
293.584
641.29
622.391
666.037
464.85
146.572
969.675
135.741
607.86
503.398
797.059
822.265
569.807
176.973
599.531
207.146
770.089
247.751
324.874
821.938
231.166
150.051
99.183
42.0973
17.8198
994.014
245.534
733.722
672.372
560.407
910.948
965.956
201.698
533.339
631.993
666.547
679.911
601.668
802.288
287.771
105.066
599.347
110.036
674.873
776.32
709.567
882.019
546.409
957.318
206.893
368.347
188.484
356.944
467.53
230.581
374.764
461.543
476.116
108.485
133.915
36.5229
19.4337
99.8714
238.221
552.773
731.865
904.768
232.684
333.533
707.056
520.455
438.599
306.403
630.491
113.471
82.7224
340.058
995.49
629.132
297.376
202.383
997.478
485.86
559.327
465.008
716.441
934.091
926.551
192.557
42.576
60.4668
229.079
62.0097
160.338
467.3
614.782
892.203
372.068
847.466
225.736
79.1234
367.921
664.335
385.526
998.412
777.806
468.248
338.47
773.296
97.38
635.846
975.679
94.8584
121.706
535.006
559.866
838.147
469.097
486.418
30.7031
511.673
546.885
259.782
573.683
707.223
727.082
188.465
599.426
99.1501
35.9314
825.162
178.274
403.852
489.496
563.8
402.264
267.302
32.048
740.733
40.5986
129.428
376.579
16.278
224.286
498.285
551.284
784.153
336.431
20.3813
270.571
367.134
532.054
817.455
626.917
105.737
524.678
353.999
294.202
124.104
453.149
330.134
949.265
631.423
733.986
438.761
195.222
136.25
706.064
227.27
876.984
746.662
356.698
253.563
762.94
580.985
751.847
314.225
365.138
88.2787
334.606
635.708
455.413
866.66
453.163
82.33
972.397
977.841
436.329
266.6
101.945
889.479
596.733
51.2101
520.902
330.719
489.971
716.124
466.969
196.035
943.395
343.953
942.697
300.093
597.516
705.638
881.078
349.363
19.862
246.216
437.642
354.468
881.924
893.055
221.128
335.087
975.385
193.525
312.929
411.714
460.125
414.874
301.193
56.8581
466.084
822.095
387.577
956.055
538.219
854.547
152.09
481.613
198.5
94.7876
781.706
796.015
800.425
662.784
145.378
820.287
909
583.02
174.755
790.924
476.075
395.883
126.011
451.459
589.408
438.94
863.174
49.533
853.813
164.367
106.391
319.897
986.461
493.969
275.952
524.68
348.515
428.043
6.29338
547.015
522.83
788
343.03
323.255
450.784
488.408
143.543
359.784
71.4281
318.298
150.708
547.503
714.181
276.719
998.962
303.589
715.658
862.136
353.122
569.472
26.5022
459.513
889.369
12.9633
953.481
165.321
537.643
301.997
593.364
543.937
849.012
116.194
331.937
192.042
439.449
782.721
680.45
582.992
142.505
751.878
901.289
293.212
299.381
615.47
569.931
298.343
919.059
285.589
160.479
272.181
855.061
186.981
731.694
744.429
199.944
685.175
909.75
737.588
987.172
503.114
281.524
836.184
619.308
613.461
28.2257
58.7572
396.182
708.676
641.749
538.686
460.554
543.038
831.899
759.935
158.508
401.83
58.2786
77.5673
687.419
218.758
349.748
542.479
405.739
81.4416
286.909
605.683
766.617
196.659
343.271
753.789
699.773
624.795
589.973
319.081
238.256
618.198
377.838
634.438
326.874
19.5871
173.124
787.428
562.626
5.02245
547.364
721.134
406.852
605.642
798.701
94.2707
824.4
148.449
636.75
230.139
229.891
923.659
835.822
996.508
120.318
179.092
750.297
820.091
803.887
340.269
139.171
42.1432
958.467
517.009
676.581
285.341
536.597
849.705
72.7699
99.2222
854.727
620.134
820.356
261.579
225.776
619.058
355.85
50.1762
767.507
992.6
280.315
997.398
916.258
116.136
993.906
36.5761
295.228
744.202
856.667
99.1157
84.4715
995.838
141.259
42.9388
512.847
817.84
328.28
49.4439
667.544
401.05
148.666
522.272
21.1838
969.022
783.851
246.96
588.08
139.7
297.136
355.587
132.3
577.451
352.985
48.5586
693.587
346.891
85.1347
988.816
91.0929
941.801
87.9312
175.564
937.639
229.19
218.503
450.487
47.0298
546.783
499.93
714.574
947.833
648.596
236.846
969.017
617.619
20.6964
215.977
205.699
160.397
513.113
561.286
292.697
90.5641
914.27
341.256
784.151
261.161
426.39
772.967
352.254
368.191
860.898
527.818
305.831
90.0882
746.321
756.317
137.118
293.104
256.248
851.692
240.938
904.844
88.538
209.955
522.463
109.234
425.932
728.161
269.631
939.045
289.447
562.328
29.6093
203.717
903.584
813.761
464.878
329.974
586.727
817.132
698.165
447.625
344.95
3.99594
537.714
91.2713
760.313
674.832
384.376
16.5607
526.524
625.314
921.405
615.062
835.268
443.867
724.296
261.2
172.029
993.927
200.246
461.476
556.255
229.855
665.193
459.839
43.6154
130.072
789.813
630.343
947.204
487.978
77.9682
292.154
491.974
615.682
383.425
252.287
290.513
767.801
268.848
817.037
393.114
190.252
432.099
228.383
634.12
156.395
489.583
806.149
150.322
689.829
267.625
706.577
919.683
932.818
166.416
963.299
62.8894
956.229
593.642
10.0931
444.206
671.61
302.247
936.18
287.292
685.672
188.467
577.805
453.473
457.315
394.842
846.587
647.567
826.941
74.97
281.687
983.336
564.553
87.8351
133.659
254.382
355.46
840.236
174.065
288.277
6.65221
137.364
351.167
962.881
731.006
361.26
407.087
402.615
663.507
343.268
689.907
349.179
531.735
267.712
802.652
989.049
662.554
649.239
636.616
489.495
724.209
918.303
472.832
288.762
6.13772
606.49
543.144
361.597
446.726
717.209
649.875
453.378
854.573
1.04169
416.259
585.579
362.302
823.347
988.194
25.8086
166.614
678.101
374.988
698.349
945.813
177.639
687.398
608.368
826.878
324.014
97.8629
551.088
242.317
570.695
839.85
248.455
177.185
382.994
610.052
623.911
100.203
259.927
77.2893
954.776
260.968
493.549
540.355
623.27
316.895
528.549
649.079
483.51
206.65
24.0662
181.859
152.464
201.706
869.257
760.831
28.5841
193.271
858.694
579.672
435.588
429.389
419.521
684.042
606.573
802.515
294.094
230.484
902.718
554.021
307.774
857.493
814.989
801.322
397.848
438.259
118.217
926.397
87.3379
601.727
133.047
111.404
783.586
285.511
313.11
652.842
46.3421
341.694
846.113
905.036
921.365
281.701
334.425
340.887
965.743
940.998
143.402
259.837
171.482
46.1191
813.858
479.256
903.612
628.847
280.578
301.46
67.1061
398.795
227.857
154.444
0.522443
360.904
265.848
784.108
646.415
578.958
436.95
692.757
920.652
283.063
597.793
842.017
564.764
932.218
182.904
530.507
873.216
326.305
790.344
44.6988
372.424
604.202
523.955
276.037
233.048
804.533
577.497
300.155
203.328
805.354
454.599
203.851
166.258
720.447
987.959
812.673
299.405
424.909
505.431
220.056
707.972
103.224
62.0732
272.736
35.4423
244.977
803.242
908.659
571.282
593.586
953.358
943.706
197.788
477.312
219.743
430.836
281.845
797.24
730.991
485.173
602.594
185.589
689.024
768.852
906.036
676.982
581.526
205.441
101.891
86.9565
425.497
809.863
190.181
487.57
82.5982
225.623
732.547
885.841
134.282
303.829
479.427
87.6391
247.535
677.214
564.951
467.278
108.05
846.796
264.518
839.041
331.969
867.112
24.6303
20.9929
635.965
930.666
697.975
217.49
136.107
799.866
304.447
561.603
609.728
494.627
49.1733
692.326
720.25
781.72
578.167
854.532
85.5488
57.5937
942.171
333.084
734.808
507.122
800.362
842.858
353.919
64.8805
681.899
685.888
931.993
706.53
706.881
567.957
637.196
404.856
785.448
773.303
204.722
89.8946
334.906
814.45
584.522
384.08
506.776
304.772
165.8
84.9434
159.304
251.348
142.537
101.475
584.432
877.345
608.598
384.795
720.204
962.517
449.675
402.103
648.405
381.668
108.633
355.285
949.625
745.829
760.141
735.073
519.132
964.863
824.967
854.038
779.313
409.49
238.118
286.089
714.262
403.917
371.033
873.566
655.266
513.57
975.042
239.698
390.915
583.64
624.493
111.119
546.156
74.1684
513.222
194.561
455.836
621.855
549.846
405.461
367.684
309.987
140.534
886.816
274.85
965.502
740.854
54.163
374.991
978.972
340.252
89.2532
382.889
711.285
962.82
38.1551
224.854
937.861
277.854
615.769
521.501
902.347
726.888
67.6572
976.515
240.11
262.218
432.352
861.965
812.064
837.813
229.649
122.052
978.347
116.464
396.902
943.849
857.318
451.065
318.84
836.29
791.317
408.093
219.179
502.602
370.913
257.334
727.456
308.774
535.188
343.226
830.275
437.534
70.1137
897.932
414.05
310.224
160.15
846.401
172.189
972.215
684.214
401.837
94.2665
662.561
518.301
491.168
606.41
375.62
942.233
925.251
211.909
733.551
333.344
431.088
236.152
704.257
688.422
963.609
13.0312
223.61
306.834
843.306
661.144
376.948
741.239
75.1938
687.172
901.389
921.595
859.36
873.604
605.809
261.198
967.871
268.37
779.499
459.039
874.781
155.119
401.273
800.031
367.028
134.823
133.375
798.116
370.976
837.632
486.538
334.584
850.663
710.148
641.419
693.97
371.292
18.3669
435.209
446.486
705.539
336.598
368.081
564.899
210.202
973.89
826.097
178.073
242.261
605.596
637.112
117.041
760.714
38.3841
917.072
127.742
173.207
50.4474
925.858
544.183
888.08
412.397
878.767
738.743
122.545
520.186
432.712
493.837
538.553
867.921
940.324
244.092
204.519
308.405
808.991
414.721
282.295
635.088
592.793
524.556
240.683
229.905
641.597
1.39733
268.289
558.669
129.139
441.496
609.117
54.9977
985.679
497.196
467.394
864.447
235.939
589.939
384.633
668.651
83.7769
923.186
536.572
24.1007
167.278
741.091
332.506
976.269
155.812
614.801
611.356
748.606
139.357
852.039
978.511
780.954
853.437
246.8
339.623
982.576
688.296
948.74
37.574
673.976
445.936
504.968
538.422
681.875
94.9078
923.055
350.527
178.685
846.241
887.099
202.785
13.5191
628.19
535.291
989.788
784.003
150.092
601.144
532.608
289.449
453.184
511.119
70.4025
306.621
757.918
410.026
289.197
446.215
358.766
326.771
120.19
804.702
831.739
658.612
486.577
926.647
581.668
837.104
105.332
427.909
724.203
308.117
441.428
352.394
843.408
431.216
136.396
993.5
32.3602
669.004
282.949
485.544
180.123
353.351
792.164
938.041
763.377
81.3613
384.256
122.143
408.132
504.446
926.844
239.871
163.059
413.422
166.518
744.726
250.525
271.85
172.635
974.728
579.967
614.064
327.122
423.375
45.2796
463.518
416.875
77.6398
132.522
699.824
563.184
312.645
53.175
355.348
250.687
816.552
436.71
634.943
938.695
844.842
139.389
865.539
84.7128
302.448
278.961
251.231
47.1742
529.486
523.081
219.81
504.214
103.048
833.873
831.336
526.423
879.153
294.854
943.298
956.793
427.377
643.121
519.976
740.022
696.296
875.325
990.709
512.848
312.034
625.652
451.543
156.876
765.041
317.082
241.589
67.4892
596.042
492.82
114.663
125.528
15.9006
334.473
629.742
118.948
168.346
461.079
645.371
47.4988
755.933
588.669
4.29139
183.31
231.79
524.268
923.332
928.086
399.592
914.041
440.934
711.627
539.694
892.477
868.503
304.735
209.559
110.091
372.224
805.601
602.911
486.887
931.13
618.812
821.36
560.872
737.76
989.706
21.9507
383.131
37.2052
777.884
971.799
41.4966
961.194
203.589
565.764
884.526
131.675
965.357
798.567
572.61
676.984
338.261
465.087
545.486
642.996
674.646
655.577
15.2197
480.247
258.488
502.107
411.376
877.3
323.467
972.249
615.06
313.174
994.199
998.191
350.379
772.083
969.99
391.876
733.277
173.579
957.64
617.802
305.254
922.997
416.369
877.864
599.981
754.63
342.951
145.467
397.625
17.5963
801.044
412.845
497.843
59.5323
914.952
909.22
936.832
238.42
881.468
551.892
551.594
875.668
550.082
901.973
647.751
520.072
293.849
381.027
693.651
251.489
998.83
998.906
174.486
415.199
876.77
774.466
169.829
219.72
919.933
567.454
237.317
720.977
980.3
735.16
780.509
895.252
644.38
717.341
133.672
525.848
269.233
685.265
401.516
819.316
587.238
49.2661
339.388
881.087
430.293
33.0394
132.576
429.123
31.9453
307.061
844.322
908.715
81.5278
14.151
128.435
1.46079
581.605
365.752
722.438
561.905
100.912
502.947
457.157
745.292
220.288
590.828
271.14
489.522
276.094
672.655
308.837
863.332
721.922
648.225
744.419
152.215
681.264
876.994
581.338
713.21
184.055
425.66
621.925
265.583
439.811
750.36
267.044
21.4164
116.112
989.482
583.321
217.025
492.429
40.4783
962.317
712.717
631.307
233.456
202.239
907.401
906.112
511.076
770.732
628.034
159.301
515.151
780.249
840.565
392.145
361.586
553.775
576.201
787.246
175.7
841.784
227.057
926.06
108.828
248.474
42.1726
98.3097
831.795
259.197
590.739
872.274
221.514
303.456
503.581
454.97
505.694
410.981
361.082
16.7703
181.714
989.116
176.071
696.865
769.364
16.6367
89.0097
130.951
570.412
665.21
918.197
746.112
506.994
145.255
672.172
615.822
393.728
714.344
714.132
225.524
973.542
304.87
97.7975
195.055
608.326
601.378
650.026
114.02
12.3591
11.1076
130.791
194.073
0.223212
306.862
890.937
769.587
323.499
979.947
900.538
893.911
645.157
818.735
640.022
152.152
963.99
312.194
767.974
357.718
26.5387
482.106
583.242
0.0803829
786.976
681.039
195.136
395.302
282.417
845.161
509.322
294.776
856.269
640.113
488.849
856.492
946.975
379.786
626.079
270.474
359.733
526.617
164.385
4.8907
345.352
804.407
157.042
309.342
116.601
925.016
667.06
143.14
407.122
250.302
143.221
194.097
931.341
338.356
589.399
213.759
183.518
98.7217
508.535
39.7864
738.835
997.384
896.278
685.81
377.17
522.358
956.284
736.904
48.9752
120.669
741.794
394.328
925.076
898.837
703.67
41.6778
823.853
370.73
184.818
230.974
621.032
328.038
425.072
552.373
666.395
14.4709
766.132
849.912
113.193
274.667
889.699
852.028
272.051
785.977
537.838
649.221
308.335
494.122
386.125
357.31
614.792
127.919
751.638
539.868
26.756
455.307
581.546
850.609
826.037
766.364
81.5829
447.069
94.4023
506.655
999.442
760.797
521.125
765.574
610.709
634.318
40.2403
500.408
486.346
312.291
286.385
24.1837
961.512
594.72
518.306
347.637
952.03
133.098
475.556
703.667
672.966
502.312
158.975
254.512
352.921
985.012
20.8756
434.504
432.081
115.278
941.158
431.523
876.075
462.284
197.096
486.784
96.6018
237.336
987.192
582.948
549.627
273.577
607.131
511.14
868.297
125.437
858.777
820.326
258.535
334.333
523.994
931.501
836.645
682.968
186.013
189.566
667.98
206.888
624.07
100.061
322.166
565.228
531.583
198.241
27.5116
728.679
685.025
124.113
966.016
672.217
707.061
515.643
945.794
314.192
26.7825
814.09
439.629
885.559
634.416
698.164
219.892
158.41
629.665
56.5368
841.378
815.678
246.103
509.358
22.5663
870.172
609.419
344.732
435.4
141.002
542.973
462.912
869.681
227.998
587.025
835.697
900.215
294.086
351.34
846.009
608.278
378.122
660.099
47.9073
263.682
294.515
746.072
483.573
452.926
375.737
540.11
294.304
191.415
786.213
803.662
213.982
656.385
413.081
558.714
91.7848
554.083
101.687
554.696
423.765
329.685
141.721
259.462
229.9
435.807
610.801
75.9093
44.0851
988.924
736.008
91.9923
252.606
30.5237
838.064
736.179
483.449
213.801
276.289
777.753
405.217
62.5016
581.415
619.198
718.886
994.496
177.912
810.671
548.58
279.599
365.368
972.344
609.284
507.089
231.806
839.185
942.896
842.607
915.094
986.981
831.531
651.102
78.9736
84.1368
681.626
917.038
820.316
165.075
130.839
96.6047
942.828
536.055
159.106
524.244
155.253
877.993
518.74
333.165
688.664
67.32
612.764
54.0318
39.6644
222.049
561.121
271.47
61.2336
504.017
114.078
976.328
490.998
945.609
627.43
569.972
29.7458
309.056
487.009
850.061
474.132
617.848
946.666
416.96
153.904
105.772
941.204
309.157
983.765
459.944
642.323
672.429
527.264
255.087
726.461
566.928
477.136
287.582
838.399
538.37
791.599
952.476
514.697
282.597
898.085
142.127
852.569
927.831
451.184
339.578
777.892
925.315
957.426
724.559
342.275
111.33
830.331
283.479
420.488
814.096
743.423
62.8103
486.525
270.687
317.897
212.986
837.615
795.033
500.568
676.014
333.403
292.167
628.49
848.1
574.764
526.576
990.228
427.332
454.406
441.411
766.91
232.299
366.727
724.337
956.857
709.002
835.667
787.188
992.481
256.155
601.284
735.904
318.965
87.8097
6.59137
636.862
300.796
844.207
431.896
801.364
520.221
765.298
93.5307
148.711
613.399
668.294
675.287
603.627
95.6266
129.693
45.038
862.537
361.992
411.765
586.874
318.849
120.767
422.541
106.038
113.248
678.695
707.322
849.153
997.66
795.132
855.744
634.522
95.9277
699.951
66.4177
897.292
220.172
831.716
990.822
368.883
445.115
659.117
44.1693
48.7414
754.743
173.862
93.7795
617.28
535.854
505.544
204.154
854.704
626.311
626.694
960.741
739.56
305.39
668.063
588.712
303.049
463.195
444.456
937.572
559.123
144.407
3.98931
456.414
364.578
835.705
447.237
733.461
280.82
106.354
777.63
329.562
861.097
951.493
423.341
478.377
487.347
928.886
682.531
342.051
555.197
309.226
302.792
294.756
614.615
970.855
883.469
917.665
434.051
327.925
855.236
993.173
472.332
859.225
449.588
836.91
694.931
896.824
570.371
975.751
3.17807
348.002
305.313
864.275
299.494
728.655
342.652
786.841
657.54
25.1834
128.892
212.737
334.409
431.684
507.493
949.024
402.54
390.962
866.688
836.59
718.887
721.925
829.763
191.218
581.15
279.351
28.1286
276.081
176.175
598.5
251.832
179.354
946.501
557.146
43.6286
245.996
285.8
386.281
32.837
943.34
411.464
161.729
156.077
745.873
593.413
663.571
694.897
995.953
54.5327
561.585
832.543
773.42
283.51
662.306
964.638
864.66
941.657
992.767
140.741
117.833
591.266
392.574
297.186
537.768
949.719
340.815
783.763
235.52
727.095
816.6
178.86
138.56
978.33
334.937
884.433
571.743
998.508
579.33
567.696
53.0405
140.915
400.239
826.46
424.425
62.5448
791.098
289.086
4.20194
783.865
429.827
122.035
375.131
822.401
419.221
912.899
772.12
760.035
696.662
7.64006
487.131
513.263
186.5
625.69
491.592
521.437
510.123
63.3352
519.945
89.4529
631.031
572.985
230.368
31.2695
399.446
654.794
93.8142
190.544
943.879
98.0162
974.408
373.706
220.051
349.539
196.107
639.271
262.438
968.228
399.307
959.101
975.868
886.438
472.363
162.368
512.128
963.956
683.805
22.2512
27.291
203.75
111.704
658.322
776.735
342.072
689.591
176.181
996.866
783.406
366.724
940.745
881.422
341.133
314.451
101.472
690.672
510.559
740.744
953.11
478.786
140.051
912.211
454.654
26.4881
384.574
617.021
538.616
348.53
300.826
560.867
375.821
504.576
672.571
34.1431
281.311
14.6438
723.734
457.491
11.5097
507.14
824.216
952.255
388.562
165.348
266.706
490.034
856.02
777.265
230.778
809.13
256.051
370.829
721.341
710.705
397.317
105.916
327.726
935.933
454.446
628.552
496.8
830.267
133.128
169.372
864.41
414.439
184.015
588.145
871.931
195.525
95.2848
696.146
147.78
483.847
861.494
414.486
973.881
717.514
191.751
204.659
526.645
447.802
575.488
247.986
158.507
972.805
353.902
486.233
908.738
808.348
114.786
405.538
638.615
247.914
574.91
503.025
662.353
758.925
91.1701
534.283
954.45
186.455
230.43
102.23
670.302
91.924
516.717
644.183
809.439
708.468
848.842
336.083
156.27
424.33
584.07
314.777
397.135
937.972
801.01
305.873
746.32
915.795
711.411
384.935
163.709
286.32
887.96
826.062
45.2454
979.13
360.346
999.696
165.585
590.775
101.926
835.887
682.699
618.643
480.07
492.138
327.11
328.912
828.221
483.38
753.242
412.291
798.157
150.377
350.263
599.167
456.25
96.5826
514.962
167.66
481.518
678.672
453.981
369.478
504.734
499.226
348.608
865.08
498.922
514.194
455.855
600.848
350.081
138.554
219.491
830.15
630.692
546.601
159.062
458.913
29.9815
912.304
871.205
828.139
62.6813
221.467
427.305
518.931
318.05
942.268
686.591
799.568
620.94
140.572
169.045
125.673
639.798
517.654
990.753
138.72
31.8471
446.608
739.568
381.928
585.162
959.058
212.078
215.854
505.66
371.14
674.768
535.641
283.445
545.972
363.78
346.126
767.44
791.085
865.057
85.4896
733.353
551.648
885.057
354.292
692.22
54.1025
479.966
332.018
571.756
470.719
470.738
603.603
917.327
210.306
985.531
502.489
169.365
197.609
718.343
675.024
568.749
393.111
210.665
852.194
939.083
574.445
198.32
706.523
365.53
63.3767
792.012
98.8831
615.025
677.069
453.176
307.245
731.172
933.141
639.264
302.928
403.86
110.002
906.531
321.187
320.308
892.062
823.676
489.673
89.6708
542.019
164.697
658.42
935.13
375.362
510.614
874.213
949.807
708.934
580.735
315.337
772.311
372.748
414.221
387.336
49.817
867.396
694.581
780.989
800.538
333.844
83.9169
204.398
443.846
990.448
525.585
764.155
882.51
349.261
253.827
972.181
891.28
418.524
630.601
826.409
793.887
141.215
700.622
743.694
850.149
281.357
59.0315
622.459
654.105
473.252
9.79468
703.922
340.648
704.375
484.91
141.186
38.22
568.827
345.583
482.066
559.275
871.168
246.221
441.785
220.429
500.048
413.966
111.709
918.573
44.5671
938.118
712.459
185.782
638.74
456.153
35.9305
920.097
515.185
658.39
574.201
988.437
668.184
278.123
329.085
372.56
763.033
470.27
410.78
331.861
815.854
892.846
891.136
687.022
139.067
332.921
907.451
639.115
746.888
19.1599
557.688
791.455
957.278
270.147
977.236
596.017
726.301
13.167
516.114
241.485
671.557
90.3151
229.922
339.741
368.438
559.007
712.301
131.471
29.2774
123.08
463.332
845.131
15.9267
354.467
532.154
154.994
687.389
439.605
794.109
434.276
458.765
351.797
225.731
416.042
621.945
202.968
12.0595
348.245
216.134
528.173
589.731
887.691
618.489
819.653
227.432
986.926
378.66
939.733
118.397
407.937
62.8131
581.729
253.068
78.7398
936.196
785.222
233.734
623.585
224.827
27.843
57.8614
683.591
379.64
283.592
99.6335
1.58508
486.56
111.693
349.83
702.694
639.866
939.561
590.385
258.355
759.214
817.817
245.281
137.873
757.55
363.679
545.81
820.363
945.407
798.878
899.103
881.604
584.1
132.837
505.189
808.926
160.68
563.05
492.518
540.32
846.643
592.151
541.905
333.202
703.844
891.735
35.8969
343.711
831.296
626.282
602.065
590.51
444.1
847.347
728.383
201.65
211.025
274.193
22.0132
156.433
73.0712
921.116
38.0362
657.171
53.9527
543.225
466.098
214.632
106.275
958.615
754.952
952.918
550.766
296.857
286.12
254.611
188.593
322.017
598.321
19.8888
948.299
200.387
610.399
392.399
47.7334
338.782
594.049
258.759
612.974
616.062
415.191
686.046
537.178
453.228
343.217
591.131
996.452
809.315
805.763
102.727
767.93
560.716
55.645
318.696
857.573
341.765
573.307
46.1652
663.782
171.628
66.054
612.081
372.015
676.453
4.4803
419.748
15.2341
598.529
678.507
628.209
214.592
93.6982
314.254
751.77
546.926
657.471
342.901
543.378
466.786
148.664
646.106
234.716
709.38
701.751
553.412
566.953
43.5155
126.719
613.118
707.297
298.347
679.172
319.379
670.362
355.624
323.859
90.1099
370.858
922.388
768.617
999.067
136.98
862.315
313.321
888.75
409.241
970.792
231.651
952.619
437.578
380.315
598.724
672.293
89.6951
300.475
225.705
656.648
343.99
352.424
269.765
51.2878
650.771
948.937
370.666
321.133
304.561
694.525
411.243
675.42
616.914
179.86
674.486
753.893
42.1745
987.808
642.643
451.415
958.6
874.294
404.034
396.178
254.609
2.75822
68.4713
344.305
303.233
294.177
0.952164
647.224
646.601
270.718
698.511
297.372
219.655
69.1778
618.505
524.216
763.703
29.7474
199.635
380.617
209.607
874.122
134.51
251.781
861.93
777.153
703.197
820.529
651.448
107.23
216.707
906.057
109.989
285.179
250.362
413.222
579.355
251.314
60.4453
225.956
522.031
758.957
523.328
741.686
828.134
141.832
265.902
591.838
171.58
465.537
972.454
381.187
339.659
106.964
632.968
201.589
884.118
336.165
22.1182
535.565
443.395
238.825
441.622
553.384
524.004
691.984
966.605
103.359
943.298
27.0507
329.315
465.329
786.007
852.643
207.015
614.142
994.475
472.916
205.979
166.055
938.453
178.434
547.242
278.112
285.398
180.21
479.701
169.516
516.374
501.819
705.081
959.769
740.645
146.703
513.153
264.649
838.687
479.759
368.008
781.985
506.809
697.323
247.313
292.817
549.966
454.328
906.958
544.441
927.244
112.938
710.495
865.697
291.371
257.737
143.81
576.769
437.947
623.511
746.285
954.321
125.331
451.366
914.09
865.975
598.069
427.243
130.624
436.756
907.002
498.632
218.741
413.811
195.955
466.054
706.628
745.921
920.382
613.586
290.361
847.626
726.524
0.856793
713.324
17.8958
258.594
857.133
594.665
696.54
480.645
340.95
650.861
605.975
792.316
564.952
471.95
390.386
992.195
602.575
827.142
899.197
101.207
45.883
313.008
297.162
511.937
19.6364
43.0831
432.319
633.223
333.445
279.946
359.747
334.301
993.269
377.643
592.895
850.403
972.308
289.435
331.047
313.258
940.296
937.022
105.575
505.248
408.973
495.96
497.443
11.5476
323.102
396.64
112.755
368.985
709.648
409.917
880.922
729.285
453
313.242
362.508
786.445
593.188
722.255
120.746
586.457
99.8976
713.641
436.859
72.2057
3.07608
767.907
385.464
943.372
704.929
491.039
448.62
113.902
986.999
946.063
125.449
310.101
342.703
238.204
679.087
52.3519
648.121
560.009
781.637
101.121
873.251
144.144
887.565
466.439
866.399
8.31128
52.8953
966.297
721.952
489.755
38.5024
725.028
257.662
423.967
668.401
962.591
915.005
117.021
76.4926
902.004
63.0846
201.942
212.106
405.788
440.146
891.192
458.14
88.2672
451.202
239.777
189.388
324.453
383.921
76.9535
790.891
250.32
85.2648
843.786
216.617
807.217
333.541
255.119
532.245
591.203
679.085
200.646
553.794
594.091
317.667
630.286
496.095
380.752
832.228
708.201
786.54
272.374
599.394
244.68
360.642
50.5952
484.456
550.03
375.048
868.377
626.983
165.939
118.697
712.248
9.72536
335.314
519.465
343.267
590.433
51.7102
934.469
269.518
252.356
488.263
863.609
570.023
118.549
359.704
950.775
950.777
67.9053
737.314
223.152
667.299
981.994
583.794
717.894
466.45
133.823
92.9419
334.827
760.807
258.881
453.524
473.055
268.606
788.838
992.52
611.873
379.27
44.2301
546.342
648.788
296.586
34.6053
512.397
866.609
153.154
872.102
817.384
103.932
940.007
554.698
327.084
607.306
536.692
910.878
325.2
3.14147
44.701
418.142
337.968
805.508
677.023
791.492
278.563
945.629
580.33
271.082
557.501
959.6
315.313
103.844
608.389
611.899
138.449
120.786
478.508
291.603
992.888
295.892
395.535
932.895
850.59
722.619
540.2
387.281
633.497
865.4
390.423
678.198
283.542
728.391
483.706
960.565
519.883
762.268
906.193
100.214
33.3506
463.695
59.814
348.663
567.538
668.203
960.562
705.987
788.989
439.07
997.591
781.877
734.961
393.126
714.771
585.551
115.746
254.972
972.832
749.243
120.372
363.255
427.441
403.914
91.6457
911.146
364.479
611.529
673.415
270.672
711.743
706.765
734.367
771.557
55.4283
301.905
439.76
15.9901
7.8925
228.749
455.06
5.48334
10.6253
190.021
398.61
725.397
775.572
514.355
980.368
748.404
263.598
100.74
111.658
691.039
504.654
203.304
602.185
869.133
814.833
275.599
139.805
526.576
982.365
874.172
298.133
37.7928
176.077
737.893
53.7829
183.969
966.641
508.843
189.453
977.267
698.864
588.062
702.663
474.435
102.418
683.032
222.839
366.015
783.772
334.498
57.054
288.426
537.802
659.239
157.559
352.635
934.838
297.364
879.212
917.203
171.536
177.345
954.996
347.613
915.238
8.77866
531.582
881.879
517.621
721.035
859.146
216.485
309.097
561.809
690.92
411.515
244.841
913.76
777.53
28.6126
248.258
834.584
317.039
786.06
493.823
474.598
138.695
428.662
771.963
17.9067
345.865
943.499
195.252
300.86
291.112
110.489
309.639
822.694
992.368
827.26
543.729
851.514
43.7453
852.826
413.323
734.666
264.341
658.163
648.426
41.8717
686.776
896.683
876.456
3.81478
682.743
370.28
478.413
821.438
798.941
250.376
839.344
144.806
193.874
34.596
445.666
484.986
145.085
755.305
307.68
137.453
582.566
851.409
988.967
626.311
704.235
402.29
360.977
968.577
60.453
9.40229
10.4483
747.229
906.085
886.905
751.044
588.828
257.184
229.457
410.266
56.1255
479.832
249.61
200.931
673.706
284.206
646.598
158.692
429.292
401.903
466.372
566.745
984.468
317.781
555.712
610.779
22.0164
958.001
971.756
990.593
18.4543
981.158
1.04131
765.683
887.244
887.946
516.727
476.072
145.13
746.183
886.338
201.256
226.016
135.948
402.187
899.722
420.155
48.7847
58.4144
849.446
450.688
524.787
416.191
435.156
842.568
971.903
45.9354
864.584
929.904
17.6915
855.177
948.358
998.85
856.219
714.042
886.094
744.164
230.768
362.166
889.294
976.952
248.504
90.5499
202.967
384.452
492.737
102.689
804.607
541.521
161.104
654.053
992.209
685.89
70.2442
427.365
528.458
42.147
473.301
393.042
972.051
490.992
248.22
920.41
489.842
104.438
634.451
375.935
848.602
865.219
738.101
737.897
842.171
986.604
828.447
45.1384
371.056
321.183
147.828
175.663
862.705
308.931
829.716
854.914
994.822
899.96
282.279
523.28
942.107
755.58
916.322
914.158
246.572
164.542
834.568
736.413
268.98
469.019
112.349
117.582
334.238
850.45
855.479
176.41
837.054
683.926
221.548
208.111
5.10916
369.376
383.774
867.814
678.307
213.489
722.728
673.129
113.45
5.00733
196.409
55.5568
760.587
112.731
969.715
7.15868
277.273
804.283
743.572
546.253
273.302
855.921
663.835
607.541
706.371
519.314
783.95
543.425
203.24
5.49801
751.535
208.349
374.874
135.309
76.1631
53.1807
348.798
798.891
726.31
462.248
803.899
922.718
517.805
564.486
35.4494
487.52
571.644
312.722
291.803
315.216
858.975
565.105
171.137
522.81
172.646
877.508
42.1245
956.596
420.933
245.364
962.094
172.468
453.713
336.967
307.777
529.876
390.148
656.576
328.768
116.458
118.824
132.666
39.176
636.628
697.152
74.6255
124.148
268.796
387.348
415.951
584.013
246.323
981.057
755.15
769.133
153.702
632.658
811.258
110.298
53.5911
56.6223
72.3922
226.059
510.336
409.36
533.836
40.2121
799.508
190.412
368.98
915.966
309.236
501.646
955.142
945.864
198.798
29.767
70.0123
467.595
417.115
485.964
51.6077
663.438
467.021
806.758
432.571
620.723
439.416
243.829
731.021
493.007
300.452
803.413
719.067
810.787
212.773
252.903
850.999
12.2809
443.315
219.979
928.246
752.551
721.625
883.388
698.414
920.424
913.155
768.427
388.019
330.27
254.391
439.626
993.708
721.411
246.384
426.279
342.134
685.8
670.108
73.1555
178.808
970.56
876.569
897.874
781.347
89.342
150.777
632.346
101.623
594.092
852.325
29.8693
346.643
573.951
913.257
45.0573
494.375
826.412
813.484
882.393
156.682
67.8748
322.019
150.39
789.286
568.404
576.669
131.42
254.204
246.777
204.576
433.012
217.337
81.1446
330.886
998.684
170.487
481.663
631.031
272.11
75.7552
483.356
301.979
422.398
57.3069
215.236
467.455
551.681
41.6483
280.94
434.074
198.33
348.814
756.094
348.72
138.1
324.497
925.389
269.521
578.701
172.166
474.096
11.7127
389.503
555.241
342.598
388.188
725.727
824.261
19.2185
997.837
900.017
502.575
299.816
322.415
559.882
515.052
789.87
111.563
556.7
70.8096
545.637
755.031
419.624
301.731
103.751
557.724
626.229
29.1397
827.245
204.93
201.306
301.341
216.642
590.809
856.582
559.241
978.997
582.31
383.502
998.216
580.147
283.519
500.79
879.963
605.934
60.6717
395.015
395.804
172.235
951.715
466.613
717.872
706.746
886.238
19.6033
810.497
443.962
645.832
839.636
271.207
850.762
40.9423
572.548
67.404
631.752
429.131
626.645
610.749
11.4404
10.1474
608.964
591.587
293.666
109.755
471.55
899.6
170.426
866.565
295.404
342.661
818.28
762.017
60.5329
525.025
648.255
80.1361
335.522
92.2169
725.968
175.158
363.424
576.729
216.101
935.972
644.134
847.852
365.103
270.779
458.601
376.543
280.926
67.5653
968.13
574.592
177.32
439.68
474.192
347.746
306.245
769.596
690.407
124.524
531.614
750.94
649.55
179.869
831.076
985.072
272.086
557.044
160.23
635.51
133.773
376.331
571.482
777.907
224.183
936.585
48.6854
682.784
313.128
329.611
750.349
281.259
904.204
927.669
720.939
378.396
275.415
27.1838
147.992
965.822
151.708
679.606
716.762
801.258
859.475
547.838
786.33
131.561
104.882
946.56
767.071
238.655
322.891
338.552
16.5623
547.074
275.137
65.2476
229.858
588.266
394.859
980.207
869.524
299.062
907.877
590.463
677.458
183.292
617.647
825.451
149.115
769.355
505.057
865.877
570.613
364.532
413.715
356.943
496.093
518.597
303.503
263.164
757.252
626.394
601.716
773.815
173.468
876.853
839.062
403.326
465.119
233.921
383.533
334.643
532.984
291.41
925.107
210.442
474.702
542.754
35.8929
623.817
312.109
540.95
489.694
882.722
905.482
903.409
239.665
401.575
422.006
543.168
664.739
179.258
169.562
266.455
953.072
343.03
143.308
792.135
746.355
608.427
26.0558
129.889
943.071
559.039
421.299
868.177
769.481
896.001
410.931
805.374
519.818
723.039
346.324
9.51167
605.761
251.806
912.92
845.426
653.382
334.926
388.594
318.121
514.184
558.156
584.575
467.256
901.185
727.884
259.391
647.541
336.311
285.447
777.429
279.382
844.486
198.728
147.559
613.967
94.7291
558.489
419.342
614.547
281.529
765.666
624.059
887.29
17.4723
536.979
732.716
670.854
871.905
121.31
988.975
386.089
679.466
573.55
853.345
580.652
301.434
112.735
228.193
637.745
398.182
5.6219
917.126
242.668
204.35
64.685
856.635
299.079
623.174
275.977
913.626
904.703
41.6425
537.685
791.993
59.1148
74.6638
524.709
729.969
946.569
646.02
718.943
332.657
325.486
292.493
186.002
906.138
593.927
298.737
134.33
231.671
696.919
139.952
148.798
939.587
344.302
213.483
796.222
643.381
836.657
72.1985
557.007
741.36
113.841
94.692
533.353
172.956
169.356
58.0626
902.925
115.924
704.082
621.868
448.581
29.5683
914.361
634.583
935.706
508.288
933.32
70.0364
739.959
630.239
209.989
888.757
569.826
554.291
102.239
366.048
197.672
938.896
438.247
754.679
680.257
552.088
849.371
213.61
725.043
18.727
271.673
627.968
134.651
975.755
249.836
583.233
5.32318
164.197
217.816
941.029
672.485
151.136
11.0657
412.444
781.376
221.054
301.201
351.202
775.345
403.44
717.25
973.017
342.337
155.497
727.696
22.5934
707.585
577.068
236.203
432.628
595.795
507.876
60.5962
730.446
483.631
310.432
313.679
488.954
474.629
531.495
429.983
147.114
682.631
441.049
559.558
464.007
662.103
860.759
815.209
437.449
264.199
532.459
410.466
606.536
687.956
138.162
629.129
395.541
715.23
865.333
828.169
311.025
373.209
888.766
